v 150 25.00153 150 0.1250076
v 153.125 25.00153 150 0.1250076
v 156.25 25.00153 150 0.1250076
v 159.375 26.02698 150 0.1301349
v 162.5 26.87542 150 0.1343771
v 165.625 17.15803 150 0.08579015
v 168.75 8.533236 150 0.04266618
v 171.875 9.509858 150 0.04754929
v 175 12.44583 150 0.06222914
v 178.125 9.522065 150 0.04761033
v 181.25 7.2209 150 0.0361045
v 184.375 5.469084 150 0.02734542
v 187.5 2.240127 150 0.01120063
v 190.625 0 150 0
v 193.75 0 150 0
v 196.875 0 150 0
v 200 0 150 0
v 150 24.99542 153.125 0.1249771
v 153.125 24.98321 153.125 0.1249161
v 156.25 25.38607 153.125 0.1269304
v 159.375 27.83983 153.125 0.1391992
v 162.5 27.54685 153.125 0.1377342
v 165.625 23.27413 153.125 0.1163706
v 168.75 17.32894 153.125 0.08664469
v 171.875 13.37972 153.125 0.06689861
v 175 11.87206 153.125 0.05936031
v 178.125 8.893365 153.125 0.04446682
v 181.25 6.848563 153.125 0.03424281
v 184.375 5.267655 153.125 0.02633828
v 187.5 1.983764 153.125 0.009918818
v 190.625 0 153.125 0
v 193.75 0 153.125 0
v 196.875 0 153.125 0
v 200 0 153.125 0
v 150 24.89166 156.25 0.1244583
v 153.125 24.82451 156.25 0.1241226
v 156.25 25.5875 156.25 0.1279375
v 159.375 26.66178 156.25 0.1333089
v 162.5 27.04633 156.25 0.1352316
v 165.625 24.76347 156.25 0.1238174
v 168.75 19.58127 156.25 0.09790637
v 171.875 15.00336 156.25 0.07501678
v 175 11.70726 156.25 0.05853629
v 178.125 9.015443 156.25 0.04507721
v 181.25 6.818043 156.25 0.03409021
v 184.375 5.127266 156.25 0.02563633
v 187.5 1.770128 156.25 0.008850638
v 190.625 0 156.25 0
v 193.75 0 156.25 0
v 196.875 0 156.25 0
v 200 0 156.25 0
v 150 24.67802 159.375 0.1233901
v 153.125 24.47049 159.375 0.1223524
v 156.25 25.17854 159.375 0.1258927
v 159.375 25.81334 159.375 0.1290667
v 162.5 26.69841 159.375 0.133492
v 165.625 22.74919 159.375 0.113746
v 168.75 19.82543 159.375 0.09912714
v 171.875 15.67478 159.375 0.07837392
v 175 14.47842 159.375 0.07239211
v 178.125 14.39907 159.375 0.07199536
v 181.25 9.955442 159.375 0.04977721
v 184.375 5.426357 159.375 0.02713178
v 187.5 1.745712 159.375 0.00872856
v 190.625 0 159.375 0
v 193.75 0 159.375 0
v 196.875 0 159.375 0
v 200 0 159.375 0
v 150 20.84478 162.5 0.1042239
v 153.125 21.30867 162.5 0.1065434
v 156.25 23.2314 162.5 0.116157
v 159.375 23.05439 162.5 0.1152719
v 162.5 21.69932 162.5 0.1084966
v 165.625 21.29646 162.5 0.1064823
v 168.75 21.10724 162.5 0.1055362
v 171.875 20.52738 162.5 0.1026369
v 175 19.6301 162.5 0.09815052
v 178.125 18.95257 162.5 0.09476286
v 181.25 15.50388 162.5 0.07751938
v 184.375 5.963499 162.5 0.02981749
v 187.5 1.788439 162.5 0.008942196
v 190.625 0 162.5 0
v 193.75 0 162.5 0
v 196.875 0 162.5 0
v 200 0 162.5 0
v 150 18.92816 165.625 0.09464078
v 153.125 20.03296 165.625 0.1001648
v 156.25 22.73698 165.625 0.1136849
v 159.375 22.10218 165.625 0.1105109
v 162.5 20.84478 165.625 0.1042239
v 165.625 20.45413 165.625 0.1022706
v 168.75 21.61387 165.625 0.1080693
v 171.875 20.73491 165.625 0.1036745
v 175 18.3727 165.625 0.09186351
v 178.125 15.89452 165.625 0.07947262
v 181.25 12.36037 165.625 0.06180187
v 184.375 5.57285 165.625 0.02786425
v 187.5 1.599219 165.625 0.007996093
v 190.625 0 165.625 0
v 193.75 0 165.625 0
v 196.875 0 165.625 0
v 200 0 165.625 0
v 150 18.12855 168.75 0.09064274
v 153.125 19.37984 168.75 0.09689923
v 156.25 21.24153 168.75 0.1062077
v 159.375 20.37478 168.75 0.1018739
v 162.5 19.37984 168.75 0.09689923
v 165.625 18.90374 168.75 0.09451871
v 168.75 18.64128 168.75 0.09320638
v 171.875 17.82335 168.75 0.08911677
v 175 15.64427 168.75 0.07822133
v 178.125 12.43362 168.75 0.0621681
v 181.25 7.983886 168.75 0.03991943
v 184.375 4.962461 168.75 0.02481231
v 187.5 1.330648 168.75 0.006653238
v 190.625 0 168.75 0
v 193.75 0 168.75 0
v 196.875 0 168.75 0
v 200 0 168.75 0
v 150 15.65037 171.875 0.07825185
v 153.125 15.99829 171.875 0.07999145
v 156.25 17.38387 171.875 0.08691937
v 159.375 17.92101 171.875 0.08960508
v 162.5 17.55478 171.875 0.08777391
v 165.625 16.9505 171.875 0.08475249
v 168.75 15.79076 171.875 0.0789538
v 171.875 13.62388 171.875 0.06811939
v 175 10.80999 171.875 0.05404993
v 178.125 8.203626 171.875 0.04101813
v 181.25 6.543368 171.875 0.03271684
v 184.375 4.773241 171.875 0.0238662
v 187.5 1.165843 171.875 0.005829213
v 190.625 0 171.875 0
v 193.75 0 171.875 0
v 196.875 0 171.875 0
v 200 0 171.875 0
v 150 14.29531 175 0.07147653
v 153.125 18.00037 175 0.09000183
v 156.25 18.00037 175 0.09000183
v 159.375 15.55271 175 0.07776354
v 162.5 16.11427 175 0.08057132
v 165.625 15.73582 175 0.07867911
v 168.75 14.49673 175 0.07248367
v 171.875 12.53739 175 0.06268694
v 175 10.18129 175 0.05090643
v 178.125 8.063236 175 0.04031618
v 181.25 6.488433 175 0.03244217
v 184.375 4.767137 175 0.02383568
v 187.5 1.50766 175 0.007538302
v 190.625 0 175 0
v 193.75 0 175 0
v 196.875 0 175 0
v 200 0 175 0
v 150 18.00037 178.125 0.09000183
v 153.125 18.00037 178.125 0.09000183
v 156.25 18.00037 178.125 0.09000183
v 159.375 13.94128 178.125 0.0697064
v 162.5 14.58219 178.125 0.07291094
v 165.625 14.47232 178.125 0.0723616
v 168.75 13.38583 178.125 0.06692913
v 171.875 11.6096 178.125 0.05804798
v 175 9.577 178.125 0.047885
v 178.125 7.73973 178.125 0.03869865
v 181.25 6.354147 178.125 0.03177074
v 184.375 4.883111 178.125 0.02441555
v 187.5 2.014283 178.125 0.01007142
v 190.625 0 178.125 0
v 193.75 0 178.125 0
v 196.875 0 178.125 0
v 200 0 178.125 0
v 150 10.49258 181.25 0.05246292
v 153.125 10.82219 181.25 0.05411097
v 156.25 11.32882 181.25 0.05664408
v 159.375 11.90258 181.25 0.05951291
v 162.5 12.15284 181.25 0.06076421
v 165.625 11.86596 181.25 0.05932979
v 168.75 11.01141 181.25 0.05505707
v 171.875 9.723494 181.25 0.04861747
v 175 8.28908 181.25 0.0414454
v 178.125 6.940121 181.25 0.0347006
v 181.25 5.951291 181.25 0.02975645
v 184.375 4.809864 181.25 0.02404932
v 187.5 1.904413 181.25 0.009522066
v 190.625 0 181.25 0
v 193.75 0 181.25 0
v 196.875 0 181.25 0
v 200 0 181.25 0
v 150 9.094793 184.375 0.04547397
v 153.125 9.247391 184.375 0.04623695
v 156.25 9.369469 184.375 0.04684734
v 159.375 9.235183 184.375 0.04617591
v 162.5 8.704144 184.375 0.04352072
v 165.625 7.867911 184.375 0.03933956
v 168.75 7.043887 184.375 0.03521943
v 171.875 6.409082 184.375 0.03204541
v 175 5.79259 184.375 0.02896295
v 178.125 5.304279 184.375 0.02652139
v 181.25 4.986876 184.375 0.02493438
v 184.375 4.040774 184.375 0.02020387
v 187.5 0.762986 184.375 0.00381493
v 190.625 0 184.375 0
v 193.75 0 184.375 0
v 196.875 0 184.375 0
v 200 0 184.375 0
v 150 7.281938 187.5 0.03640969
v 153.125 7.465055 187.5 0.03732528
v 156.25 7.318563 187.5 0.03659281
v 159.375 6.390771 187.5 0.03195386
v 162.5 4.516877 187.5 0.02258439
v 165.625 2.325581 187.5 0.01162791
v 168.75 0.8545443 187.5 0.004272722
v 171.875 0.3662333 187.5 0.001831166
v 175 0.6225966 187.5 0.003112983
v 178.125 1.452725 187.5 0.007263627
v 181.25 2.447659 187.5 0.0122383
v 184.375 2.160776 187.5 0.01080388
v 187.5 0 187.5 0
v 190.625 0 187.5 0
v 193.75 0 187.5 0
v 196.875 0 187.5 0
v 200 0 187.5 0
v 150 4.638955 190.625 0.02319477
v 153.125 5.35311 190.625 0.02676555
v 156.25 5.292071 190.625 0.02646036
v 159.375 3.918696 190.625 0.01959348
v 162.5 0.9949338 190.625 0.004974669
v 165.625 0 190.625 0
v 168.75 0 190.625 0
v 171.875 0 190.625 0
v 175 0 190.625 0
v 178.125 0 190.625 0
v 181.25 0 190.625 0
v 184.375 0 190.625 0
v 187.5 0 190.625 0
v 190.625 0 190.625 0
v 193.75 0 190.625 0
v 196.875 0 190.625 0
v 200 0 190.625 0
v 150 0.8911676 193.75 0.004455838
v 153.125 2.447659 193.75 0.0122383
v 156.25 3.033633 193.75 0.01516816
v 159.375 2.136361 193.75 0.0106818
v 162.5 0 193.75 0
v 165.625 0 193.75 0
v 168.75 0 193.75 0
v 171.875 0 193.75 0
v 175 0 193.75 0
v 178.125 0 193.75 0
v 181.25 0 193.75 0
v 184.375 0 193.75 0
v 187.5 0 193.75 0
v 190.625 0 193.75 0
v 193.75 0 193.75 0
v 196.875 0 193.75 0
v 200 0 193.75 0
v 150 0 196.875 0
v 153.125 0 196.875 0
v 156.25 0.7019472 196.875 0.003509736
v 159.375 0.8667521 196.875 0.004333761
v 162.5 0 196.875 0
v 165.625 0 196.875 0
v 168.75 0 196.875 0
v 171.875 0 196.875 0
v 175 0 196.875 0
v 178.125 0 196.875 0
v 181.25 0 196.875 0
v 184.375 0 196.875 0
v 187.5 0 196.875 0
v 190.625 0 196.875 0
v 193.75 0 196.875 0
v 196.875 0 196.875 0
v 200 0 196.875 0
v 150 0 200 0
v 153.125 0 200 0
v 156.25 0 200 0
v 159.375 0.5554538 200 0.002777269
v 162.5 0.2441555 200 0.001220778
v 165.625 0 200 0
v 168.75 0 200 0
v 171.875 0 200 0
v 175 0 200 0
v 178.125 0 200 0
v 181.25 0 200 0
v 184.375 0 200 0
v 187.5 0 200 0
v 190.625 0 200 0
v 193.75 0 200 0
v 196.875 0 200 0
v 200 0 200 0
