v 0 0 0
v 3.125 0 0
v 6.25 0 0
v 9.375 0 0
v 12.5 0 0
v 15.625 0 0
v 18.75 0 0
v 21.875 0 0
v 25 0 0
v 28.125 0 0
v 31.25 0 0
v 34.375 0 0
v 37.5 0 0
v 40.625 0 0
v 43.75 0 0
v 46.875 0 0
v 50 0 0
v 53.125 0 0
v 56.25 0 0
v 59.375 0 0
v 62.5 0 0
v 65.625 0 0
v 68.75 0 0
v 71.875 0 0
v 75 0 0
v 78.125 0 0
v 81.25 0 0
v 84.375 0 0
v 87.5 0 0
v 90.625 0 0
v 93.75 0 0
v 96.875 0 0
v 100 0 0
v 103.125 0 0
v 106.25 0 0
v 109.375 0 0
v 112.5 0 0
v 115.625 0 0
v 118.75 0 0
v 121.875 0 0
v 125 0 0
v 128.125 0 0
v 131.25 0 0
v 134.375 0 0
v 137.5 0 0
v 140.625 0 0
v 143.75 0 0
v 146.875 0 0
v 150 0 0
v 153.125 0 0
v 156.25 0 0
v 159.375 0 0
v 162.5 0 0
v 165.625 0 0
v 168.75 0 0
v 171.875 0 0
v 175 0 0
v 178.125 0 0
v 181.25 0 0
v 184.375 0 0
v 187.5 0 0
v 190.625 0 0
v 193.75 0 0
v 196.875 0 0
v 200 0 0
v 0 0 3.125
v 3.125 0 3.125
v 6.25 0 3.125
v 9.375 0 3.125
v 12.5 0 3.125
v 15.625 0 3.125
v 18.75 0 3.125
v 21.875 0 3.125
v 25 0 3.125
v 28.125 0 3.125
v 31.25 0 3.125
v 34.375 0 3.125
v 37.5 0 3.125
v 40.625 0 3.125
v 43.75 0 3.125
v 46.875 0 3.125
v 50 0 3.125
v 53.125 0 3.125
v 56.25 0 3.125
v 59.375 0 3.125
v 62.5 0 3.125
v 65.625 1.025453 3.125
v 68.75 0 3.125
v 71.875 0 3.125
v 75 0 3.125
v 78.125 0 3.125
v 81.25 0 3.125
v 84.375 0 3.125
v 87.5 0 3.125
v 90.625 0 3.125
v 93.75 0.5127266 3.125
v 96.875 0.5127266 3.125
v 100 0.5127266 3.125
v 103.125 2.050906 3.125
v 106.25 2.050906 3.125
v 109.375 2.050906 3.125
v 112.5 0 3.125
v 115.625 0 3.125
v 118.75 0 3.125
v 121.875 0 3.125
v 125 0 3.125
v 128.125 0 3.125
v 131.25 0 3.125
v 134.375 0 3.125
v 137.5 0 3.125
v 140.625 0 3.125
v 143.75 0 3.125
v 146.875 0 3.125
v 150 0 3.125
v 153.125 0 3.125
v 156.25 0 3.125
v 159.375 0 3.125
v 162.5 0 3.125
v 165.625 0 3.125
v 168.75 0 3.125
v 171.875 0 3.125
v 175 0 3.125
v 178.125 0 3.125
v 181.25 0 3.125
v 184.375 0 3.125
v 187.5 0 3.125
v 190.625 0 3.125
v 193.75 0 3.125
v 196.875 0 3.125
v 200 0 3.125
v 0 0 6.25
v 3.125 0 6.25
v 6.25 0 6.25
v 9.375 0 6.25
v 12.5 0 6.25
v 15.625 0 6.25
v 18.75 0 6.25
v 21.875 0 6.25
v 25 0 6.25
v 28.125 0 6.25
v 31.25 0 6.25
v 34.375 0 6.25
v 37.5 0 6.25
v 40.625 0 6.25
v 43.75 0 6.25
v 46.875 0 6.25
v 50 0 6.25
v 53.125 0 6.25
v 56.25 0 6.25
v 59.375 0 6.25
v 62.5 0 6.25
v 65.625 4.61454 6.25
v 68.75 3.07636 6.25
v 71.875 4.61454 6.25
v 75 0 6.25
v 78.125 0 6.25
v 81.25 0 6.25
v 84.375 0 6.25
v 87.5 0 6.25
v 90.625 0 6.25
v 93.75 0.5127266 6.25
v 96.875 3.589086 6.25
v 100 3.589086 6.25
v 103.125 5.639993 6.25
v 106.25 2.563633 6.25
v 109.375 2.563633 6.25
v 112.5 0 6.25
v 115.625 0 6.25
v 118.75 0 6.25
v 121.875 0 6.25
v 125 0 6.25
v 128.125 0 6.25
v 131.25 0 6.25
v 134.375 0 6.25
v 137.5 0 6.25
v 140.625 0 6.25
v 143.75 0 6.25
v 146.875 0 6.25
v 150 0 6.25
v 153.125 0 6.25
v 156.25 0 6.25
v 159.375 0 6.25
v 162.5 0 6.25
v 165.625 0 6.25
v 168.75 0 6.25
v 171.875 0 6.25
v 175 0 6.25
v 178.125 0 6.25
v 181.25 0 6.25
v 184.375 0 6.25
v 187.5 0 6.25
v 190.625 0 6.25
v 193.75 0 6.25
v 196.875 0 6.25
v 200 0 6.25
v 0 0 9.375
v 3.125 0 9.375
v 6.25 0 9.375
v 9.375 0 9.375
v 12.5 0 9.375
v 15.625 0 9.375
v 18.75 0 9.375
v 21.875 0 9.375
v 25 0 9.375
v 28.125 0 9.375
v 31.25 0 9.375
v 34.375 0 9.375
v 37.5 0 9.375
v 40.625 0 9.375
v 43.75 0 9.375
v 46.875 0 9.375
v 50 0 9.375
v 53.125 0 9.375
v 56.25 0 9.375
v 59.375 0 9.375
v 62.5 0 9.375
v 65.625 4.61454 9.375
v 68.75 4.61454 9.375
v 71.875 6.152719 9.375
v 75 0 9.375
v 78.125 0 9.375
v 81.25 0 9.375
v 84.375 0 9.375
v 87.5 0 9.375
v 90.625 0 9.375
v 93.75 0.5127266 9.375
v 96.875 3.589086 9.375
v 100 3.589086 9.375
v 103.125 5.639993 9.375
v 106.25 2.563633 9.375
v 109.375 2.563633 9.375
v 112.5 0 9.375
v 115.625 0 9.375
v 118.75 0 9.375
v 121.875 0 9.375
v 125 0 9.375
v 128.125 0 9.375
v 131.25 0 9.375
v 134.375 0 9.375
v 137.5 0 9.375
v 140.625 0 9.375
v 143.75 0 9.375
v 146.875 0 9.375
v 150 0 9.375
v 153.125 0 9.375
v 156.25 0 9.375
v 159.375 0 9.375
v 162.5 0 9.375
v 165.625 0 9.375
v 168.75 0 9.375
v 171.875 0 9.375
v 175 0 9.375
v 178.125 0 9.375
v 181.25 0 9.375
v 184.375 0 9.375
v 187.5 0 9.375
v 190.625 0 9.375
v 193.75 0 9.375
v 196.875 0 9.375
v 200 0 9.375
v 0 0 12.5
v 3.125 0 12.5
v 6.25 0 12.5
v 9.375 0 12.5
v 12.5 0 12.5
v 15.625 0 12.5
v 18.75 0 12.5
v 21.875 0 12.5
v 25 0.8545443 12.5
v 28.125 1.886101 12.5
v 31.25 1.995971 12.5
v 34.375 1.843374 12.5
v 37.5 1.440518 12.5
v 40.625 0.1770128 12.5
v 43.75 0 12.5
v 46.875 0 12.5
v 50 0 12.5
v 53.125 0 12.5
v 56.25 0 12.5
v 59.375 0 12.5
v 62.5 0 12.5
v 65.625 3.589086 12.5
v 68.75 5.127266 12.5
v 71.875 6.665446 12.5
v 75 3.07636 12.5
v 78.125 1.53818 12.5
v 81.25 0 12.5
v 84.375 0 12.5
v 87.5 0.2441555 12.5
v 90.625 0.1953244 12.5
v 93.75 0 12.5
v 96.875 3.07636 12.5
v 100 3.07636 12.5
v 103.125 3.589086 12.5
v 106.25 0.5127266 12.5
v 109.375 0.5127266 12.5
v 112.5 0 12.5
v 115.625 0.6348044 12.5
v 118.75 3.18623 12.5
v 121.875 5.420253 12.5
v 125 10.26674 12.5
v 128.125 9.442716 12.5
v 131.25 8.441678 12.5
v 134.375 3.448697 12.5
v 137.5 1.495453 12.5
v 140.625 0.1220778 12.5
v 143.75 0 12.5
v 146.875 0 12.5
v 150 0 12.5
v 153.125 0 12.5
v 156.25 0 12.5
v 159.375 0 12.5
v 162.5 0 12.5
v 165.625 0 12.5
v 168.75 0 12.5
v 171.875 0 12.5
v 175 0 12.5
v 178.125 0 12.5
v 181.25 0 12.5
v 184.375 0 12.5
v 187.5 0 12.5
v 190.625 0 12.5
v 193.75 0 12.5
v 196.875 0 12.5
v 200 0 12.5
v 0 0 15.625
v 3.125 0 15.625
v 6.25 0 15.625
v 9.375 0 15.625
v 12.5 0 15.625
v 15.625 0 15.625
v 18.75 0 15.625
v 21.875 1.123115 15.625
v 25 3.59519 15.625
v 28.125 4.370384 15.625
v 31.25 4.468046 15.625
v 34.375 4.413111 15.625
v 37.5 4.272722 15.625
v 40.625 3.863761 15.625
v 43.75 3.271684 15.625
v 46.875 2.85662 15.625
v 50 2.441555 15.625
v 53.125 0.9949338 15.625
v 56.25 0 15.625
v 59.375 0 15.625
v 62.5 0 15.625
v 65.625 0 15.625
v 68.75 0 15.625
v 71.875 0 15.625
v 75 0 15.625
v 78.125 0 15.625
v 81.25 0 15.625
v 84.375 2.893243 15.625
v 87.5 3.857657 15.625
v 90.625 3.906488 15.625
v 93.75 0.03051944 15.625
v 96.875 0 15.625
v 100 0 15.625
v 103.125 0 15.625
v 106.25 0 15.625
v 109.375 0 15.625
v 112.5 0 15.625
v 115.625 1.135323 15.625
v 118.75 6.763108 15.625
v 121.875 7.123238 15.625
v 125 12.60453 15.625
v 128.125 12.48855 15.625
v 131.25 11.1396 15.625
v 134.375 7.00116 15.625
v 137.5 3.808826 15.625
v 140.625 2.71623 15.625
v 143.75 0 15.625
v 146.875 0 15.625
v 150 0 15.625
v 153.125 0 15.625
v 156.25 2.142465 15.625
v 159.375 1.776231 15.625
v 162.5 0 15.625
v 165.625 0 15.625
v 168.75 0 15.625
v 171.875 0 15.625
v 175 0 15.625
v 178.125 0 15.625
v 181.25 0 15.625
v 184.375 0 15.625
v 187.5 0 15.625
v 190.625 0 15.625
v 193.75 0 15.625
v 196.875 0 15.625
v 200 0 15.625
v 0 0 18.75
v 3.125 0 18.75
v 6.25 0 18.75
v 9.375 0 18.75
v 12.5 0 18.75
v 15.625 0 18.75
v 18.75 0 18.75
v 21.875 2.581945 18.75
v 25 6.56168 18.75
v 28.125 9.650247 18.75
v 31.25 9.729598 18.75
v 34.375 8.264665 18.75
v 37.5 5.79259 18.75
v 40.625 5.798694 18.75
v 43.75 5.24324 18.75
v 46.875 5.163889 18.75
v 50 4.956357 18.75
v 53.125 4.059086 18.75
v 56.25 1.849478 18.75
v 59.375 0 18.75
v 62.5 0 18.75
v 65.625 0 18.75
v 68.75 0 18.75
v 71.875 0 18.75
v 75 0 18.75
v 78.125 0 18.75
v 81.25 0.1587011 18.75
v 84.375 2.032595 18.75
v 87.5 2.423244 18.75
v 90.625 5.524019 18.75
v 93.75 1.812855 18.75
v 96.875 0 18.75
v 100 0 18.75
v 103.125 0 18.75
v 106.25 0 18.75
v 109.375 0 18.75
v 112.5 0 18.75
v 115.625 1.257401 18.75
v 118.75 6.799731 18.75
v 121.875 8.374535 18.75
v 125 13.58725 18.75
v 128.125 13.36141 18.75
v 131.25 12.66557 18.75
v 134.375 8.459989 18.75
v 137.5 6.494537 18.75
v 140.625 2.52701 18.75
v 143.75 0 18.75
v 146.875 0 18.75
v 150 0 18.75
v 153.125 0 18.75
v 156.25 4.632851 18.75
v 159.375 4.229994 18.75
v 162.5 3.180126 18.75
v 165.625 1.556491 18.75
v 168.75 0.164805 18.75
v 171.875 0.07935055 18.75
v 175 1.257401 18.75
v 178.125 2.026491 18.75
v 181.25 0.2075322 18.75
v 184.375 0 18.75
v 187.5 0 18.75
v 190.625 0 18.75
v 193.75 0 18.75
v 196.875 0 18.75
v 200 0 18.75
v 0 0 21.875
v 3.125 0 21.875
v 6.25 0 21.875
v 9.375 0 21.875
v 12.5 0 21.875
v 15.625 0 21.875
v 18.75 0.653116 21.875
v 21.875 3.564671 21.875
v 25 6.866874 21.875
v 28.125 9.815052 21.875
v 31.25 10.01038 21.875
v 34.375 10.31557 21.875
v 37.5 8.063236 21.875
v 40.625 8.380638 21.875
v 43.75 6.555576 21.875
v 46.875 6.56168 21.875
v 50 6.329731 21.875
v 53.125 5.780382 21.875
v 56.25 4.443631 21.875
v 59.375 1.678569 21.875
v 62.5 0 21.875
v 65.625 0 21.875
v 68.75 0 21.875
v 71.875 0 21.875
v 75 0 21.875
v 78.125 1.587011 21.875
v 81.25 2.154673 21.875
v 84.375 3.528047 21.875
v 87.5 2.71623 21.875
v 90.625 5.755967 21.875
v 93.75 1.965452 21.875
v 96.875 0 21.875
v 100 0 21.875
v 103.125 1.049869 21.875
v 106.25 2.954282 21.875
v 109.375 1.458829 21.875
v 112.5 0 21.875
v 115.625 0 21.875
v 118.75 6.006226 21.875
v 121.875 0 21.875
v 125 10.92596 21.875
v 128.125 11.42648 21.875
v 131.25 12.21998 21.875
v 134.375 9.735702 21.875
v 137.5 8.160898 21.875
v 140.625 4.718306 21.875
v 143.75 0.7507783 21.875
v 146.875 0 21.875
v 150 0 21.875
v 153.125 1.281816 21.875
v 156.25 6.152719 21.875
v 159.375 5.774278 21.875
v 162.5 5.139474 21.875
v 165.625 4.468046 21.875
v 168.75 3.937008 21.875
v 171.875 3.808826 21.875
v 175 4.040774 21.875
v 178.125 3.808826 21.875
v 181.25 1.75792 21.875
v 184.375 0 21.875
v 187.5 0 21.875
v 190.625 0 21.875
v 193.75 0 21.875
v 196.875 0 21.875
v 200 0 21.875
v 0 0 25
v 3.125 0 25
v 6.25 0 25
v 9.375 0 25
v 12.5 0 25
v 15.625 0.1159739 25
v 18.75 3.088567 25
v 21.875 4.468046 25
v 25 7.196485 25
v 28.125 10.17518 25
v 31.25 10.66349 25
v 34.375 11.31661 25
v 37.5 9.992064 25
v 40.625 10.66349 25
v 43.75 9.076482 25
v 46.875 8.612587 25
v 50 8.264665 25
v 53.125 7.526093 25
v 56.25 6.457914 25
v 59.375 4.669475 25
v 62.5 2.044802 25
v 65.625 0 25
v 68.75 0 25
v 71.875 0 25
v 75 0 25
v 78.125 1.440518 25
v 81.25 1.580907 25
v 84.375 2.96649 25
v 87.5 4.797656 25
v 90.625 7.770249 25
v 93.75 5.810902 25
v 96.875 2.630776 25
v 100 1.361167 25
v 103.125 2.008179 25
v 106.25 4.730513 25
v 109.375 4.608436 25
v 112.5 0 25
v 115.625 0 25
v 118.75 3.003113 25
v 121.875 2.002075 25
v 125 12.21998 25
v 128.125 10.99921 25
v 131.25 12.00024 25
v 134.375 9.998169 25
v 137.5 8.972715 25
v 140.625 5.896356 25
v 143.75 5.078435 25
v 146.875 3.125191 25
v 150 5.719343 25
v 153.125 5.670512 25
v 156.25 7.562718 25
v 159.375 6.958433 25
v 162.5 6.372459 25
v 165.625 5.829213 25
v 168.75 5.414149 25
v 171.875 5.157785 25
v 175 4.962461 25
v 178.125 4.284929 25
v 181.25 2.258439 25
v 184.375 0 25
v 187.5 0 25
v 190.625 0 25
v 193.75 0 25
v 196.875 0 25
v 200 0 25
v 0 0 28.125
v 3.125 0 28.125
v 6.25 0 28.125
v 9.375 0 28.125
v 12.5 0 28.125
v 15.625 2.752854 28.125
v 18.75 4.529085 28.125
v 21.875 5.054019 28.125
v 25 5.530123 28.125
v 28.125 6.702069 28.125
v 31.25 8.136482 28.125
v 34.375 10.95648 28.125
v 37.5 11.35934 28.125
v 40.625 12.16505 28.125
v 43.75 7.886223 28.125
v 46.875 8.502716 28.125
v 50 7.861808 28.125
v 53.125 10.15687 28.125
v 56.25 8.594275 28.125
v 59.375 6.921809 28.125
v 62.5 5.151681 28.125
v 65.625 3.033633 28.125
v 68.75 0.927791 28.125
v 71.875 0.6225966 28.125
v 75 3.357138 28.125
v 78.125 4.730513 28.125
v 81.25 6.836355 28.125
v 84.375 7.373497 28.125
v 87.5 8.972715 28.125
v 90.625 8.972715 28.125
v 93.75 7.947262 28.125
v 96.875 8.972715 28.125
v 100 6.757005 28.125
v 103.125 6.543368 28.125
v 106.25 3.467009 28.125
v 109.375 3.888177 28.125
v 112.5 3.106879 28.125
v 115.625 0 28.125
v 118.75 0.6103888 28.125
v 121.875 2.758957 28.125
v 125 7.495574 28.125
v 128.125 9.998169 28.125
v 131.25 9.998169 28.125
v 134.375 9.998169 28.125
v 137.5 8.459989 28.125
v 140.625 7.947262 28.125
v 143.75 7.947262 28.125
v 146.875 9.485442 28.125
v 150 9.998169 28.125
v 153.125 9.998169 28.125
v 156.25 9.4183 28.125
v 159.375 8.417262 28.125
v 162.5 7.532198 28.125
v 165.625 6.793627 28.125
v 168.75 6.213758 28.125
v 171.875 5.719343 28.125
v 175 4.883111 28.125
v 178.125 3.40597 28.125
v 181.25 0.6775316 28.125
v 184.375 0 28.125
v 187.5 0 28.125
v 190.625 0 28.125
v 193.75 0 28.125
v 196.875 0 28.125
v 200 0 28.125
v 0 0 31.25
v 3.125 0 31.25
v 6.25 0 31.25
v 9.375 0 31.25
v 12.5 0 31.25
v 15.625 3.650125 31.25
v 18.75 5.060123 31.25
v 21.875 5.408045 31.25
v 25 5.987914 31.25
v 28.125 7.532198 31.25
v 31.25 5.57285 31.25
v 34.375 7.697002 31.25
v 37.5 7.581029 31.25
v 40.625 13.40414 31.25
v 43.75 11.22505 31.25
v 46.875 13.5079 31.25
v 50 12.37868 31.25
v 53.125 13.84972 31.25
v 56.25 11.26167 31.25
v 59.375 8.936092 31.25
v 62.5 7.153757 31.25
v 65.625 5.798694 31.25
v 68.75 3.033633 31.25
v 71.875 3.607398 31.25
v 75 5.981811 31.25
v 78.125 6.512849 31.25
v 81.25 7.153757 31.25
v 84.375 7.397913 31.25
v 87.5 9.998169 31.25
v 90.625 9.998169 31.25
v 93.75 10.58414 31.25
v 96.875 10.59635 31.25
v 100 8.972715 31.25
v 103.125 7.672587 31.25
v 106.25 2.026491 31.25
v 109.375 2.044802 31.25
v 112.5 1.110908 31.25
v 115.625 0 31.25
v 118.75 0.2441555 31.25
v 121.875 2.124153 31.25
v 125 6.854667 31.25
v 128.125 9.998169 31.25
v 131.25 9.998169 31.25
v 134.375 9.998169 31.25
v 137.5 8.459989 31.25
v 140.625 6.921809 31.25
v 143.75 6.921809 31.25
v 146.875 8.459989 31.25
v 150 9.998169 31.25
v 153.125 10.44986 31.25
v 156.25 10.2057 31.25
v 159.375 9.998169 31.25
v 162.5 8.954404 31.25
v 165.625 7.953367 31.25
v 168.75 7.153757 31.25
v 171.875 6.207654 31.25
v 175 4.47415 31.25
v 178.125 1.049869 31.25
v 181.25 0 31.25
v 184.375 0 31.25
v 187.5 0 31.25
v 190.625 0 31.25
v 193.75 0 31.25
v 196.875 0 31.25
v 200 0 31.25
v 0 0 34.375
v 3.125 0 34.375
v 6.25 0 34.375
v 9.375 0 34.375
v 12.5 1.025453 34.375
v 15.625 5.005188 34.375
v 18.75 7.81908 34.375
v 21.875 11.32271 34.375
v 25 11.15791 34.375
v 28.125 10.66349 34.375
v 31.25 6.384667 34.375
v 34.375 9.534273 34.375
v 37.5 11.02973 34.375
v 40.625 13.21492 34.375
v 43.75 11.71336 34.375
v 46.875 14.06946 34.375
v 50 16.53543 34.375
v 53.125 16.97491 34.375
v 56.25 13.80089 34.375
v 59.375 10.95038 34.375
v 62.5 8.752975 34.375
v 65.625 7.62986 34.375
v 68.75 5.694928 34.375
v 71.875 7.111029 34.375
v 75 7.41012 34.375
v 78.125 9.747909 34.375
v 81.25 8.386743 34.375
v 84.375 8.447782 34.375
v 87.5 5.688824 34.375
v 90.625 8.887261 34.375
v 93.75 9.931026 34.375
v 96.875 12.99518 34.375
v 100 11.42037 34.375
v 103.125 8.160898 34.375
v 106.25 1.635842 34.375
v 109.375 0.5920771 34.375
v 112.5 0 34.375
v 115.625 0 34.375
v 118.75 0.6164927 34.375
v 121.875 2.832204 34.375
v 125 6.567784 34.375
v 128.125 9.973753 34.375
v 131.25 9.998169 34.375
v 134.375 9.998169 34.375
v 137.5 9.485442 34.375
v 140.625 7.434536 34.375
v 143.75 6.921809 34.375
v 146.875 7.434536 34.375
v 150 10.24232 34.375
v 153.125 11.52414 34.375
v 156.25 11.56687 34.375
v 159.375 11.01752 34.375
v 162.5 10.24232 34.375
v 165.625 9.467131 34.375
v 168.75 8.423366 34.375
v 171.875 6.976745 34.375
v 175 4.00415 34.375
v 178.125 0 34.375
v 181.25 0 34.375
v 184.375 0 34.375
v 187.5 0 34.375
v 190.625 0 34.375
v 193.75 0 34.375
v 196.875 0 34.375
v 200 0 34.375
v 0 0 37.5
v 3.125 0 37.5
v 6.25 0 37.5
v 9.375 0.5127266 37.5
v 12.5 2.819996 37.5
v 15.625 7.269731 37.5
v 18.75 9.973753 37.5
v 21.875 12.58622 37.5
v 25 12.68998 37.5
v 28.125 12.20167 37.5
v 31.25 8.06934 37.5
v 34.375 11.08466 37.5
v 37.5 13.00128 37.5
v 40.625 15.00336 37.5
v 43.75 17.06647 37.5
v 46.875 18.39712 37.5
v 50 20.36868 37.5
v 53.125 16.45608 37.5
v 56.25 14.39297 37.5
v 59.375 12.31154 37.5
v 62.5 9.985961 37.5
v 65.625 8.984923 37.5
v 68.75 7.422328 37.5
v 71.875 5.798694 37.5
v 75 5.810902 37.5
v 78.125 7.910639 37.5
v 81.25 6.915705 37.5
v 84.375 7.312458 37.5
v 87.5 6.128304 37.5
v 90.625 11.01752 37.5
v 93.75 12.10401 37.5
v 96.875 15.08881 37.5
v 100 13.75206 37.5
v 103.125 10.17518 37.5
v 106.25 4.309345 37.5
v 109.375 2.349997 37.5
v 112.5 1.825063 37.5
v 115.625 0 37.5
v 118.75 1.50766 37.5
v 121.875 3.192333 37.5
v 125 7.391809 37.5
v 128.125 9.900507 37.5
v 131.25 9.998169 37.5
v 134.375 9.998169 37.5
v 137.5 9.998169 37.5
v 140.625 8.459989 37.5
v 143.75 7.947262 37.5
v 146.875 7.947262 37.5
v 150 10.05921 37.5
v 153.125 11.81713 37.5
v 156.25 12.32985 37.5
v 159.375 12.21388 37.5
v 162.5 11.68284 37.5
v 165.625 10.97479 37.5
v 168.75 9.943233 37.5
v 171.875 8.167003 37.5
v 175 4.419215 37.5
v 178.125 0 37.5
v 181.25 0 37.5
v 184.375 0 37.5
v 187.5 0 37.5
v 190.625 0 37.5
v 193.75 0 37.5
v 196.875 0 37.5
v 200 0 37.5
v 0 0 40.625
v 3.125 1.025453 40.625
v 6.25 4.101813 40.625
v 9.375 7.690899 40.625
v 12.5 9.076482 40.625
v 15.625 11.06025 40.625
v 18.75 11.06635 40.625
v 21.875 12.76323 40.625
v 25 14.62492 40.625
v 28.125 14.46621 40.625
v 31.25 14.86297 40.625
v 34.375 13.69102 40.625
v 37.5 19.79491 40.625
v 40.625 16.89556 40.625
v 43.75 21.1988 40.625
v 46.875 20.94854 40.625
v 50 22.66984 40.625
v 53.125 17.29842 40.625
v 56.25 14.89349 40.625
v 59.375 12.51297 40.625
v 62.5 10.93206 40.625
v 65.625 9.998169 40.625
v 68.75 9.998169 40.625
v 71.875 7.947262 40.625
v 75 7.947262 40.625
v 78.125 8.746871 40.625
v 81.25 8.466093 40.625
v 84.375 9.71739 40.625
v 87.5 7.867911 40.625
v 90.625 12.56791 40.625
v 93.75 13.59946 40.625
v 96.875 16.4866 40.625
v 100 15.04608 40.625
v 103.125 11.84765 40.625
v 106.25 7.336874 40.625
v 109.375 5.517915 40.625
v 112.5 4.260514 40.625
v 115.625 3.869865 40.625
v 118.75 3.491424 40.625
v 121.875 5.597265 40.625
v 125 7.965574 40.625
v 128.125 9.766221 40.625
v 131.25 9.998169 40.625
v 134.375 9.998169 40.625
v 137.5 9.998169 40.625
v 140.625 9.485442 40.625
v 143.75 8.972715 40.625
v 146.875 8.972715 40.625
v 150 9.485442 40.625
v 153.125 11.24947 40.625
v 156.25 12.37258 40.625
v 159.375 12.94024 40.625
v 162.5 12.90972 40.625
v 165.625 12.50076 40.625
v 168.75 11.56076 40.625
v 171.875 9.754013 40.625
v 175 6.195446 40.625
v 178.125 0 40.625
v 181.25 0 40.625
v 184.375 0 40.625
v 187.5 0 40.625
v 190.625 0 40.625
v 193.75 0 40.625
v 196.875 0 40.625
v 200 0 40.625
v 0 0 43.75
v 3.125 1.025453 43.75
v 6.25 0.5127266 43.75
v 9.375 3.07636 43.75
v 12.5 5.768174 43.75
v 15.625 10.11414 43.75
v 18.75 8.484405 43.75
v 21.875 10.75505 43.75
v 25 13.74596 43.75
v 28.125 16.1631 43.75
v 31.25 14.08167 43.75
v 34.375 15.6992 43.75
v 37.5 21.31478 43.75
v 40.625 24.03711 43.75
v 43.75 26.08802 43.75
v 46.875 25.68516 43.75
v 50 23.25581 43.75
v 53.125 18.02478 43.75
v 56.25 15.47336 43.75
v 59.375 8.83843 43.75
v 62.5 7.703107 43.75
v 65.625 6.567784 43.75
v 68.75 10.71232 43.75
v 71.875 11.21284 43.75
v 75 11.79271 43.75
v 78.125 13.94128 43.75
v 81.25 14.52725 43.75
v 84.375 15.45504 43.75
v 87.5 12.15284 43.75
v 90.625 13.41635 43.75
v 93.75 14.15492 43.75
v 96.875 16.97491 43.75
v 100 15.52829 43.75
v 103.125 13.4957 43.75
v 106.25 10.08362 43.75
v 109.375 8.368431 43.75
v 112.5 5.32259 43.75
v 115.625 2.301166 43.75
v 118.75 2.020387 43.75
v 121.875 5.450772 43.75
v 125 8.337912 43.75
v 128.125 9.619728 43.75
v 131.25 9.998169 43.75
v 134.375 9.998169 43.75
v 137.5 9.998169 43.75
v 140.625 9.998169 43.75
v 143.75 9.998169 43.75
v 146.875 9.998169 43.75
v 150 9.998169 43.75
v 153.125 10.08973 43.75
v 156.25 11.93921 43.75
v 159.375 13.1844 43.75
v 162.5 13.84362 43.75
v 165.625 13.83751 43.75
v 168.75 13.04401 43.75
v 171.875 11.42037 43.75
v 175 8.502716 43.75
v 178.125 3.198437 43.75
v 181.25 0 43.75
v 184.375 0 43.75
v 187.5 0 43.75
v 190.625 0 43.75
v 193.75 0 43.75
v 196.875 0 43.75
v 200 0 43.75
v 0 0 46.875
v 3.125 0.5127266 46.875
v 6.25 0 46.875
v 9.375 2.563633 46.875
v 12.5 4.663371 46.875
v 15.625 7.727522 46.875
v 18.75 6.195446 46.875
v 21.875 9.656351 46.875
v 25 13.11115 46.875
v 28.125 17.45712 46.875
v 31.25 18.684 46.875
v 34.375 21.55283 46.875
v 37.5 26.38711 46.875
v 40.625 26.06971 46.875
v 43.75 27.791 46.875
v 46.875 27.13178 46.875
v 50 24.84893 46.875
v 53.125 20.29543 46.875
v 56.25 16.43167 46.875
v 59.375 9.259598 46.875
v 62.5 8.502716 46.875
v 65.625 8.014404 46.875
v 68.75 10.48648 46.875
v 71.875 14.2892 46.875
v 75 14.89959 46.875
v 78.125 18.85491 46.875
v 81.25 18.14686 46.875
v 84.375 18.65348 46.875
v 87.5 14.83855 46.875
v 90.625 13.60557 46.875
v 93.75 14.00842 46.875
v 96.875 16.71244 46.875
v 100 15.50998 46.875
v 103.125 13.71544 46.875
v 106.25 11.66453 46.875
v 109.375 9.454923 46.875
v 112.5 7.092718 46.875
v 115.625 2.325581 46.875
v 118.75 0.3540255 46.875
v 121.875 3.619606 46.875
v 125 7.574925 46.875
v 128.125 9.479338 46.875
v 131.25 9.985961 46.875
v 134.375 9.998169 46.875
v 137.5 9.998169 46.875
v 140.625 9.998169 46.875
v 143.75 9.998169 46.875
v 146.875 9.998169 46.875
v 150 9.998169 46.875
v 153.125 9.998169 46.875
v 156.25 11.34713 46.875
v 159.375 13.27596 46.875
v 162.5 14.48453 46.875
v 165.625 14.84466 46.875
v 168.75 14.19154 46.875
v 171.875 12.62284 46.875
v 175 10.28505 46.875
v 178.125 6.757005 46.875
v 181.25 1.941036 46.875
v 184.375 0 46.875
v 187.5 0 46.875
v 190.625 0 46.875
v 193.75 0 46.875
v 196.875 0 46.875
v 200 0 46.875
v 0 0 50
v 3.125 0 50
v 6.25 0 50
v 9.375 0 50
v 12.5 0 50
v 15.625 2.783373 50
v 18.75 4.425319 50
v 21.875 9.326741 50
v 25 12.79375 50
v 28.125 16.87725 50
v 31.25 17.7379 50
v 34.375 19.66673 50
v 37.5 23.48776 50
v 40.625 22.70646 50
v 43.75 23.95776 50
v 46.875 23.59763 50
v 50 21.57114 50
v 53.125 18.86101 50
v 56.25 16.13868 50
v 59.375 7.544406 50
v 62.5 3.662333 50
v 65.625 2.8261 50
v 68.75 7.178173 50
v 71.875 13.94128 50
v 75 15.44894 50
v 78.125 19.67894 50
v 81.25 18.73283 50
v 84.375 18.90985 50
v 87.5 15.17427 50
v 90.625 13.56284 50
v 93.75 13.67271 50
v 96.875 16.29128 50
v 100 15.17427 50
v 103.125 13.69713 50
v 106.25 12.01856 50
v 109.375 10.37661 50
v 112.5 8.075444 50
v 115.625 3.729476 50
v 118.75 0 50
v 121.875 0 50
v 125 4.052982 50
v 128.125 9.296222 50
v 131.25 9.82726 50
v 134.375 9.888299 50
v 137.5 9.93713 50
v 140.625 9.985961 50
v 143.75 9.998169 50
v 146.875 9.998169 50
v 150 9.998169 50
v 153.125 9.998169 50
v 156.25 10.8344 50
v 159.375 13.29427 50
v 162.5 14.86297 50
v 165.625 15.45504 50
v 168.75 14.88738 50
v 171.875 13.29427 50
v 175 11.09076 50
v 178.125 8.582067 50
v 181.25 5.804798 50
v 184.375 2.85662 50
v 187.5 0.1770128 50
v 190.625 0 50
v 193.75 0 50
v 196.875 0 50
v 200 0 50
v 0 0 53.125
v 3.125 0 53.125
v 6.25 0 53.125
v 9.375 0 53.125
v 12.5 0 53.125
v 15.625 0 53.125
v 18.75 2.899347 53.125
v 21.875 5.609473 53.125
v 25 9.796741 53.125
v 28.125 13.67271 53.125
v 31.25 19.26997 53.125
v 34.375 19.80712 53.125
v 37.5 20.97906 53.125
v 40.625 19.81322 53.125
v 43.75 20.91192 53.125
v 46.875 20.30153 53.125
v 50 18.58634 53.125
v 53.125 16.51712 53.125
v 56.25 14.78972 53.125
v 59.375 9.338949 53.125
v 62.5 6.20155 53.125
v 65.625 4.773241 53.125
v 68.75 7.574925 53.125
v 71.875 11.7805 53.125
v 75 14.17323 53.125
v 78.125 17.24348 53.125
v 81.25 16.73686 53.125
v 84.375 16.82232 53.125
v 87.5 17.05426 53.125
v 90.625 16.74297 53.125
v 93.75 16.61478 53.125
v 96.875 15.91284 53.125
v 100 14.72258 53.125
v 103.125 13.337 53.125
v 106.25 12.0918 53.125
v 109.375 4.138436 53.125
v 112.5 2.819996 53.125
v 115.625 0 53.125
v 118.75 4.339864 53.125
v 121.875 2.52701 53.125
v 125 0.8789599 53.125
v 128.125 4.944149 53.125
v 131.25 6.146616 53.125
v 134.375 9.35726 53.125
v 137.5 9.461026 53.125
v 140.625 9.735702 53.125
v 143.75 9.912714 53.125
v 146.875 9.998169 53.125
v 150 9.998169 53.125
v 153.125 9.998169 53.125
v 156.25 10.41323 53.125
v 159.375 13.1783 53.125
v 162.5 15.00946 53.125
v 165.625 15.63816 53.125
v 168.75 15.18037 53.125
v 171.875 13.55674 53.125
v 175 11.3044 53.125
v 178.125 9.021546 53.125
v 181.25 7.098822 53.125
v 184.375 5.35311 53.125
v 187.5 3.436489 53.125
v 190.625 0.2502594 53.125
v 193.75 0 53.125
v 196.875 0 53.125
v 200 0 53.125
v 0 0 56.25
v 3.125 0 56.25
v 6.25 0 56.25
v 9.375 0 56.25
v 12.5 2.050906 56.25
v 15.625 4.61454 56.25
v 18.75 5.54233 56.25
v 21.875 7.263627 56.25
v 25 8.752975 56.25
v 28.125 10.49258 56.25
v 31.25 14.7592 56.25
v 34.375 15.46725 56.25
v 37.5 18.19569 56.25
v 40.625 17.67076 56.25
v 43.75 18.40322 56.25
v 46.875 17.69517 56.25
v 50 16.18141 56.25
v 53.125 14.6066 56.25
v 56.25 13.58725 56.25
v 59.375 8.814014 56.25
v 62.5 6.158823 56.25
v 65.625 4.779345 56.25
v 68.75 9.729598 56.25
v 71.875 12.73271 56.25
v 75 15.02167 56.25
v 78.125 16.18751 56.25
v 81.25 16.38284 56.25
v 84.375 16.70024 56.25
v 87.5 17.04206 56.25
v 90.625 17.18245 56.25
v 93.75 16.78569 56.25
v 96.875 15.71141 56.25
v 100 14.23427 56.25
v 103.125 12.74492 56.25
v 106.25 11.90258 56.25
v 109.375 4.651163 56.25
v 112.5 4.565708 56.25
v 115.625 2.8261 56.25
v 118.75 7.44064 56.25
v 121.875 4.522981 56.25
v 125 0 56.25
v 128.125 0.8545443 56.25
v 131.25 1.464933 56.25
v 134.375 8.026613 56.25
v 137.5 8.765183 56.25
v 140.625 9.430507 56.25
v 143.75 9.82726 56.25
v 146.875 9.998169 56.25
v 150 10.01038 56.25
v 153.125 10.10804 56.25
v 156.25 10.44986 56.25
v 159.375 13.58725 56.25
v 162.5 15.11933 56.25
v 165.625 15.44284 56.25
v 168.75 15.71751 56.25
v 171.875 14.04505 56.25
v 175 11.35323 56.25
v 178.125 9.015443 56.25
v 181.25 7.269731 56.25
v 184.375 5.939083 56.25
v 187.5 4.278826 56.25
v 190.625 0.7751938 56.25
v 193.75 0 56.25
v 196.875 0 56.25
v 200 0 56.25
v 0 0 59.375
v 3.125 0 59.375
v 6.25 0 59.375
v 9.375 0 59.375
v 12.5 0 59.375
v 15.625 4.61454 59.375
v 18.75 4.61454 59.375
v 21.875 5.994018 59.375
v 25 6.390771 59.375
v 28.125 8.832327 59.375
v 31.25 13.15998 59.375
v 34.375 14.81414 59.375
v 37.5 16.71244 59.375
v 40.625 15.91284 59.375
v 43.75 16.40115 59.375
v 46.875 15.68699 59.375
v 50 14.32583 59.375
v 53.125 13.0257 59.375
v 56.25 12.39089 59.375
v 59.375 10.28505 59.375
v 62.5 10.76726 59.375
v 65.625 10.32778 59.375
v 68.75 13.04401 59.375
v 71.875 13.55674 59.375
v 75 15.00946 59.375
v 78.125 15.51608 59.375
v 81.25 16.10206 59.375
v 84.375 15.79686 59.375
v 87.5 16.4805 59.375
v 90.625 16.78569 59.375
v 93.75 17.28621 59.375
v 96.875 15.78465 59.375
v 100 8.844534 59.375
v 103.125 5.151681 59.375
v 106.25 4.498566 59.375
v 109.375 0.5493499 59.375
v 112.5 2.044802 59.375
v 115.625 1.550388 59.375
v 118.75 9.143624 59.375
v 121.875 7.257523 59.375
v 125 2.771165 59.375
v 128.125 0 59.375
v 131.25 0 59.375
v 134.375 6.317524 59.375
v 137.5 7.776353 59.375
v 140.625 9.229079 59.375
v 143.75 9.918818 59.375
v 146.875 10.30947 59.375
v 150 10.44375 59.375
v 153.125 10.84051 59.375
v 156.25 12.25661 59.375
v 159.375 15.43673 59.375
v 162.5 15.6931 59.375
v 165.625 15.02777 59.375
v 168.75 17.13361 59.375
v 171.875 15.31466 59.375
v 175 11.57908 59.375
v 178.125 8.9483 59.375
v 181.25 7.294147 59.375
v 184.375 5.981811 59.375
v 187.5 4.36428 59.375
v 190.625 0.817921 59.375
v 193.75 0 59.375
v 196.875 0 59.375
v 200 0 59.375
v 0 0 62.5
v 3.125 0 62.5
v 6.25 5.639993 62.5
v 9.375 6.665446 62.5
v 12.5 8.716352 62.5
v 15.625 5.639993 62.5
v 18.75 4.61454 62.5
v 21.875 3.454801 62.5
v 25 3.949216 62.5
v 28.125 6.921809 62.5
v 31.25 11.94531 62.5
v 34.375 13.61167 62.5
v 37.5 15.25362 62.5
v 40.625 14.24648 62.5
v 43.75 14.78362 62.5
v 46.875 13.89245 62.5
v 50 12.50076 62.5
v 53.125 11.3044 62.5
v 56.25 10.68791 62.5
v 59.375 10.54752 62.5
v 62.5 10.77947 62.5
v 65.625 11.23115 62.5
v 68.75 11.78661 62.5
v 71.875 12.48245 62.5
v 75 13.30037 62.5
v 78.125 14.2831 62.5
v 81.25 15.394 62.5
v 84.375 13.61777 62.5
v 87.5 10.77947 62.5
v 90.625 7.312458 62.5
v 93.75 6.811939 62.5
v 96.875 9.125313 62.5
v 100 5.926876 62.5
v 103.125 5.078435 62.5
v 106.25 4.626747 62.5
v 109.375 8.252457 62.5
v 112.5 10.8344 62.5
v 115.625 12.80596 62.5
v 118.75 13.22713 62.5
v 121.875 10.8344 62.5
v 125 5.524019 62.5
v 128.125 0 62.5
v 131.25 0 62.5
v 134.375 1.794543 62.5
v 137.5 8.014404 62.5
v 140.625 9.644143 62.5
v 143.75 11.01752 62.5
v 146.875 12.42141 62.5
v 150 12.79375 62.5
v 153.125 12.8792 62.5
v 156.25 15.30855 62.5
v 159.375 17.94543 62.5
v 162.5 16.77959 62.5
v 165.625 15.71141 62.5
v 168.75 18.59855 62.5
v 171.875 16.36452 62.5
v 175 11.91479 62.5
v 178.125 9.082585 62.5
v 181.25 7.458951 62.5
v 184.375 6.091681 62.5
v 187.5 4.437527 62.5
v 190.625 0.9888299 62.5
v 193.75 0 62.5
v 196.875 0 62.5
v 200 0 62.5
v 0 0 65.625
v 3.125 0 65.625
v 6.25 3.589086 65.625
v 9.375 5.127266 65.625
v 12.5 5.127266 65.625
v 15.625 1.53818 65.625
v 18.75 0 65.625
v 21.875 0 65.625
v 25 1.794543 65.625
v 28.125 8.063236 65.625
v 31.25 11.48141 65.625
v 34.375 13.43466 65.625
v 37.5 11.58518 65.625
v 40.625 12.98297 65.625
v 43.75 14.6005 65.625
v 46.875 12.83648 65.625
v 50 11.23115 65.625
v 53.125 10.15077 65.625
v 56.25 9.998169 65.625
v 59.375 9.998169 65.625
v 62.5 9.998169 65.625
v 65.625 9.998169 65.625
v 68.75 9.998169 65.625
v 71.875 9.998169 65.625
v 75 11.17622 65.625
v 78.125 12.70219 65.625
v 81.25 13.26985 65.625
v 84.375 11.94531 65.625
v 87.5 9.528169 65.625
v 90.625 6.494537 65.625
v 93.75 6.2809 65.625
v 96.875 8.899469 65.625
v 100 6.72038 65.625
v 103.125 4.91363 65.625
v 106.25 4.809864 65.625
v 109.375 8.716352 65.625
v 112.5 12.8731 65.625
v 115.625 15.26582 65.625
v 118.75 15.55271 65.625
v 121.875 13.61167 65.625
v 125 8.17921 65.625
v 128.125 0 65.625
v 131.25 0 65.625
v 134.375 2.044802 65.625
v 137.5 6.323628 65.625
v 140.625 9.528169 65.625
v 143.75 13.15388 65.625
v 146.875 17.35335 65.625
v 150 17.64024 65.625
v 153.125 15.05219 65.625
v 156.25 15.64427 65.625
v 159.375 17.44491 65.625
v 162.5 17.744 65.625
v 165.625 19.1479 65.625
v 168.75 20.91192 65.625
v 171.875 17.09089 65.625
v 175 12.23219 65.625
v 178.125 9.461026 65.625
v 181.25 7.745834 65.625
v 184.375 6.268693 65.625
v 187.5 4.522981 65.625
v 190.625 1.135323 65.625
v 193.75 0 65.625
v 196.875 0 65.625
v 200 0 65.625
v 0 0 68.75
v 3.125 0 68.75
v 6.25 5.127266 68.75
v 9.375 7.690899 68.75
v 12.5 7.690899 68.75
v 15.625 2.563633 68.75
v 18.75 0 68.75
v 21.875 0 68.75
v 25 0 68.75
v 28.125 5.46298 68.75
v 31.25 9.491547 68.75
v 34.375 12.63505 68.75
v 37.5 10.62687 68.75
v 40.625 11.63401 68.75
v 43.75 13.42855 68.75
v 46.875 14.19764 68.75
v 50 15.79076 68.75
v 53.125 12.02466 68.75
v 56.25 10.79167 68.75
v 59.375 10.18129 68.75
v 62.5 9.998169 68.75
v 65.625 9.998169 68.75
v 68.75 9.998169 68.75
v 71.875 9.998169 68.75
v 75 9.998169 68.75
v 78.125 10.85271 68.75
v 81.25 7.806873 68.75
v 84.375 8.807911 68.75
v 87.5 5.694928 68.75
v 90.625 7.147654 68.75
v 93.75 2.002075 68.75
v 96.875 6.274797 68.75
v 100 8.704144 68.75
v 103.125 11.36544 68.75
v 106.25 11.35934 68.75
v 109.375 13.92907 68.75
v 112.5 19.1601 68.75
v 115.625 21.54062 68.75
v 118.75 20.15504 68.75
v 121.875 17.5792 68.75
v 125 12.66557 68.75
v 128.125 4.443631 68.75
v 131.25 0 68.75
v 134.375 1.39779 68.75
v 137.5 6.109992 68.75
v 140.625 9.631935 68.75
v 143.75 14.79583 68.75
v 146.875 20.31984 68.75
v 150 19.75829 68.75
v 153.125 14.97894 68.75
v 156.25 13.41635 68.75
v 159.375 14.63102 68.75
v 162.5 16.57206 68.75
v 165.625 19.95361 68.75
v 168.75 20.52127 68.75
v 171.875 16.50491 68.75
v 175 12.44583 68.75
v 178.125 9.912714 68.75
v 181.25 8.075444 68.75
v 184.375 6.451809 68.75
v 187.5 4.449735 68.75
v 190.625 0.8362327 68.75
v 193.75 0 68.75
v 196.875 0 68.75
v 200 0 68.75
v 0 0 71.875
v 3.125 0 71.875
v 6.25 0 71.875
v 9.375 0 71.875
v 12.5 0 71.875
v 15.625 1.025453 71.875
v 18.75 0.5127266 71.875
v 21.875 0 71.875
v 25 0 71.875
v 28.125 2.679607 71.875
v 31.25 7.281938 71.875
v 34.375 12.32375 71.875
v 37.5 11.64622 71.875
v 40.625 14.2892 71.875
v 43.75 11.58518 71.875
v 46.875 9.729598 71.875
v 50 14.20985 71.875
v 53.125 15.65647 71.875
v 56.25 16.87115 71.875
v 59.375 11.82934 71.875
v 62.5 9.998169 71.875
v 65.625 9.979857 71.875
v 68.75 9.955442 71.875
v 71.875 9.912714 71.875
v 75 9.863883 71.875
v 78.125 9.888299 71.875
v 81.25 5.029604 71.875
v 84.375 8.252457 71.875
v 87.5 9.442716 71.875
v 90.625 16.38894 71.875
v 93.75 12.97687 71.875
v 96.875 14.24037 71.875
v 100 13.56894 71.875
v 103.125 13.84972 71.875
v 106.25 14.03894 71.875
v 109.375 18.35439 71.875
v 112.5 23.09101 71.875
v 115.625 24.98321 71.875
v 118.75 23.56101 71.875
v 121.875 22.43789 71.875
v 125 19.36764 71.875
v 128.125 13.77037 71.875
v 131.25 5.664408 71.875
v 134.375 4.00415 71.875
v 137.5 5.548434 71.875
v 140.625 9.174145 71.875
v 143.75 14.15492 71.875
v 146.875 19.06855 71.875
v 150 19.09296 71.875
v 153.125 15.27193 71.875
v 156.25 12.82427 71.875
v 159.375 12.53128 71.875
v 162.5 13.48349 71.875
v 165.625 16.18751 71.875
v 168.75 16.59647 71.875
v 171.875 14.70427 71.875
v 175 12.31765 71.875
v 178.125 10.21791 71.875
v 181.25 8.295184 71.875
v 184.375 6.451809 71.875
v 187.5 4.114021 71.875
v 190.625 0.03051944 71.875
v 193.75 0 71.875
v 196.875 0 71.875
v 200 0 71.875
v 0 0 75
v 3.125 0 75
v 6.25 0 75
v 9.375 0 75
v 12.5 0 75
v 15.625 0.5127266 75
v 18.75 0.5127266 75
v 21.875 0 75
v 25 0 75
v 28.125 0.01831166 75
v 31.25 0.6164927 75
v 34.375 5.90246 75
v 37.5 8.820118 75
v 40.625 12.58622 75
v 43.75 9.363364 75
v 46.875 1.922725 75
v 50 0.06103888 75
v 53.125 11.26778 75
v 56.25 16.30959 75
v 59.375 11.37154 75
v 62.5 9.63804 75
v 65.625 10.14466 75
v 68.75 11.57908 75
v 71.875 12.35427 75
v 75 11.66453 75
v 78.125 10.2057 75
v 81.25 4.36428 75
v 84.375 7.172069 75
v 87.5 8.630898 75
v 90.625 16.12647 75
v 93.75 13.53842 75
v 96.875 15.76024 75
v 100 15.04608 75
v 103.125 17.21297 75
v 106.25 17.55478 75
v 109.375 24.60477 75
v 112.5 27.52854 75
v 115.625 28.68217 75
v 118.75 23.77464 75
v 121.875 22.51724 75
v 125 19.79491 75
v 128.125 15.34517 75
v 131.25 5.21272 75
v 134.375 0.7263627 75
v 137.5 3.07636 75
v 140.625 7.941158 75
v 143.75 12.97687 75
v 146.875 19.07465 75
v 150 22.35244 75
v 153.125 19.91699 75
v 156.25 14.96063 75
v 159.375 11.76219 75
v 162.5 11.3044 75
v 165.625 13.31868 75
v 168.75 14.11829 75
v 171.875 13.57505 75
v 175 12.06128 75
v 178.125 10.15687 75
v 181.25 8.209729 75
v 184.375 6.299212 75
v 187.5 3.717268 75
v 190.625 0 75
v 193.75 0 75
v 196.875 0 75
v 200 0 75
v 0 0 78.125
v 3.125 0 78.125
v 6.25 0 78.125
v 9.375 0 78.125
v 12.5 0 78.125
v 15.625 0.5127266 78.125
v 18.75 2.728438 78.125
v 21.875 1.0987 78.125
v 25 0 78.125
v 28.125 0 78.125
v 31.25 0.04272722 78.125
v 34.375 0.1037661 78.125
v 37.5 2.478179 78.125
v 40.625 5.218824 78.125
v 43.75 5.182201 78.125
v 46.875 0 78.125
v 50 0 78.125
v 53.125 4.895319 78.125
v 56.25 8.661418 78.125
v 59.375 8.105964 78.125
v 62.5 8.032717 78.125
v 65.625 8.624794 78.125
v 68.75 9.796741 78.125
v 71.875 10.2057 78.125
v 75 10.23622 78.125
v 78.125 9.229079 78.125
v 81.25 7.574925 78.125
v 84.375 7.178173 78.125
v 87.5 7.111029 78.125
v 90.625 11.42648 78.125
v 93.75 14.26479 78.125
v 96.875 18.97699 78.125
v 100 20.35647 78.125
v 103.125 21.20491 78.125
v 106.25 21.93737 78.125
v 109.375 27.75438 78.125
v 112.5 28.01074 78.125
v 115.625 28.51126 78.125
v 118.75 23.17646 78.125
v 121.875 22.23036 78.125
v 125 19.67283 78.125
v 128.125 17.19465 78.125
v 131.25 7.642068 78.125
v 134.375 0 78.125
v 137.5 0.03662333 78.125
v 140.625 5.389733 78.125
v 143.75 11.43869 78.125
v 146.875 17.18855 78.125
v 150 21.15608 78.125
v 153.125 19.76439 78.125
v 156.25 14.77751 78.125
v 159.375 11.13349 78.125
v 162.5 10.57193 78.125
v 165.625 12.26271 78.125
v 168.75 13.09894 78.125
v 171.875 12.75713 78.125
v 175 11.43869 78.125
v 178.125 9.662456 78.125
v 181.25 7.855704 78.125
v 184.375 6.1222 78.125
v 187.5 3.686749 78.125
v 190.625 0 78.125
v 193.75 0 78.125
v 196.875 0 78.125
v 200 0 78.125
v 0 0 81.25
v 3.125 0 81.25
v 6.25 0 81.25
v 9.375 0 81.25
v 12.5 2.392724 81.25
v 15.625 5.029604 81.25
v 18.75 8.637002 81.25
v 21.875 5.188305 81.25
v 25 1.532076 81.25
v 28.125 0 81.25
v 31.25 0 81.25
v 34.375 0 81.25
v 37.5 0.01831166 81.25
v 40.625 0.2380516 81.25
v 43.75 0 81.25
v 46.875 0.2563633 81.25
v 50 0.7324666 81.25
v 53.125 0.1831166 81.25
v 56.25 4.071293 81.25
v 59.375 3.9248 81.25
v 62.5 4.236098 81.25
v 65.625 4.91363 81.25
v 68.75 5.871941 81.25
v 71.875 5.896356 81.25
v 75 6.647134 81.25
v 78.125 6.464018 81.25
v 81.25 7.08051 81.25
v 84.375 7.556613 81.25
v 87.5 7.227004 81.25
v 90.625 10.22401 81.25
v 93.75 13.58115 81.25
v 96.875 17.76232 81.25
v 100 19.97192 81.25
v 103.125 21.60776 81.25
v 106.25 22.87737 81.25
v 109.375 26.75334 81.25
v 112.5 26.15516 81.25
v 115.625 26.20399 81.25
v 118.75 22.46231 81.25
v 121.875 21.90685 81.25
v 125 18.00037 81.25
v 128.125 18.00037 81.25
v 131.25 9.107001 81.25
v 134.375 0 81.25
v 137.5 0.02441555 81.25
v 140.625 4.187267 81.25
v 143.75 8.960507 81.25
v 146.875 11.91479 81.25
v 150 13.52622 81.25
v 153.125 12.8792 81.25
v 156.25 11.20674 81.25
v 159.375 9.747909 81.25
v 162.5 10.08973 81.25
v 165.625 11.49362 81.25
v 168.75 12.09791 81.25
v 171.875 11.65843 81.25
v 175 10.42544 81.25
v 178.125 8.820118 81.25
v 181.25 7.312458 81.25
v 184.375 5.920772 81.25
v 187.5 4.00415 81.25
v 190.625 0.4089605 81.25
v 193.75 0 81.25
v 196.875 0 81.25
v 200 0 81.25
v 0 0 84.375
v 3.125 0 84.375
v 6.25 0 84.375
v 9.375 0.7690899 84.375
v 12.5 6.158823 84.375
v 15.625 8.771287 84.375
v 18.75 10.05921 84.375
v 21.875 7.294147 84.375
v 25 4.69389 84.375
v 28.125 2.234023 84.375
v 31.25 0 84.375
v 34.375 0 84.375
v 37.5 0 84.375
v 40.625 0 84.375
v 43.75 0.10987 84.375
v 46.875 2.465971 84.375
v 50 6.506745 84.375
v 53.125 1.892205 84.375
v 56.25 0 84.375
v 59.375 0 84.375
v 62.5 0.006103888 84.375
v 65.625 0.01220778 84.375
v 68.75 0 84.375
v 71.875 0 84.375
v 75 2.050906 84.375
v 78.125 4.101813 84.375
v 81.25 6.152719 84.375
v 84.375 5.127266 84.375
v 87.5 4.61454 84.375
v 90.625 4.284929 84.375
v 93.75 9.894403 84.375
v 96.875 15.5405 84.375
v 100 18.684 84.375
v 103.125 20.92413 84.375
v 106.25 22.59049 84.375
v 109.375 23.65257 84.375
v 112.5 21.18049 84.375
v 115.625 21.05231 84.375
v 118.75 20.27101 84.375
v 121.875 21.79088 84.375
v 125 19.54465 84.375
v 128.125 16.62699 84.375
v 131.25 11.79882 84.375
v 134.375 6.372459 84.375
v 137.5 4.150644 84.375
v 140.625 5.072331 84.375
v 143.75 8.61869 84.375
v 146.875 8.435574 84.375
v 150 8.429469 84.375
v 153.125 8.228042 84.375
v 156.25 7.73973 84.375
v 159.375 7.745834 84.375
v 162.5 9.125313 84.375
v 165.625 10.3644 84.375
v 168.75 10.68791 84.375
v 171.875 10.2057 84.375
v 175 9.125313 84.375
v 178.125 7.831289 84.375
v 181.25 6.695965 84.375
v 184.375 5.688824 84.375
v 187.5 4.229994 84.375
v 190.625 1.190258 84.375
v 193.75 0 84.375
v 196.875 0 84.375
v 200 0 84.375
v 0 0 87.5
v 3.125 0 87.5
v 6.25 0 87.5
v 9.375 5.646097 87.5
v 12.5 10.987 87.5
v 15.625 13.82531 87.5
v 18.75 11.34713 87.5
v 21.875 8.252457 87.5
v 25 5.609473 87.5
v 28.125 4.486358 87.5
v 31.25 3.48532 87.5
v 34.375 3.100775 87.5
v 37.5 2.148569 87.5
v 40.625 1.129219 87.5
v 43.75 0.1464933 87.5
v 46.875 3.100775 87.5
v 50 8.167003 87.5
v 53.125 3.552463 87.5
v 56.25 2.349997 87.5
v 59.375 0.9949338 87.5
v 62.5 0.21974 87.5
v 65.625 0.03662333 87.5
v 68.75 0 87.5
v 71.875 0 87.5
v 75 1.025453 87.5
v 78.125 2.563633 87.5
v 81.25 4.61454 87.5
v 84.375 4.61454 87.5
v 87.5 4.61454 87.5
v 90.625 2.563633 87.5
v 93.75 7.666483 87.5
v 96.875 9.332845 87.5
v 100 13.31258 87.5
v 103.125 16.04102 87.5
v 106.25 17.02985 87.5
v 109.375 18.43985 87.5
v 112.5 16.61478 87.5
v 115.625 20.84478 87.5
v 118.75 19.74608 87.5
v 121.875 18.00037 87.5
v 125 18.00037 87.5
v 128.125 14.56388 87.5
v 131.25 13.51401 87.5
v 134.375 8.142587 87.5
v 137.5 5.560642 87.5
v 140.625 5.011292 87.5
v 143.75 5.475188 87.5
v 146.875 4.443631 87.5
v 150 4.266618 87.5
v 153.125 3.051944 87.5
v 156.25 0 87.5
v 159.375 0.7568821 87.5
v 162.5 6.323628 87.5
v 165.625 8.582067 87.5
v 168.75 8.899469 87.5
v 171.875 8.557652 87.5
v 175 7.776353 87.5
v 178.125 6.897394 87.5
v 181.25 6.116096 87.5
v 184.375 5.408045 87.5
v 187.5 4.199475 87.5
v 190.625 1.324544 87.5
v 193.75 0 87.5
v 196.875 0 87.5
v 200 0 87.5
v 0 0 90.625
v 3.125 0 90.625
v 6.25 0 90.625
v 9.375 7.404016 90.625
v 12.5 10.30336 90.625
v 15.625 11.95141 90.625
v 18.75 8.997131 90.625
v 21.875 8.911676 90.625
v 25 8.032717 90.625
v 28.125 7.66038 90.625
v 31.25 3.906488 90.625
v 34.375 4.138436 90.625
v 37.5 3.51584 90.625
v 40.625 6.274797 90.625
v 43.75 5.401941 90.625
v 46.875 6.671549 90.625
v 50 9.241286 90.625
v 53.125 9.229079 90.625
v 56.25 11.91479 90.625
v 59.375 11.69505 90.625
v 62.5 8.276873 90.625
v 65.625 3.082464 90.625
v 68.75 0.4699994 90.625
v 71.875 0 90.625
v 75 0 90.625
v 78.125 0 90.625
v 81.25 0 90.625
v 84.375 0 90.625
v 87.5 0 90.625
v 90.625 0 90.625
v 93.75 2.081426 90.625
v 96.875 5.566746 90.625
v 100 10.29726 90.625
v 103.125 13.3431 90.625
v 106.25 14.49063 90.625
v 109.375 16.15699 90.625
v 112.5 15.02167 90.625
v 115.625 19.52634 90.625
v 118.75 18.00037 90.625
v 121.875 17.46322 90.625
v 125 15.47946 90.625
v 128.125 13.11726 90.625
v 131.25 11.7683 90.625
v 134.375 7.227004 90.625
v 137.5 5.035708 90.625
v 140.625 3.967527 90.625
v 143.75 2.661295 90.625
v 146.875 0 90.625
v 150 0.1220778 90.625
v 153.125 0 90.625
v 156.25 0 90.625
v 159.375 0 90.625
v 162.5 0.3723372 90.625
v 165.625 5.68272 90.625
v 168.75 6.818043 90.625
v 171.875 6.799731 90.625
v 175 6.390771 90.625
v 178.125 5.90246 90.625
v 181.25 5.469084 90.625
v 184.375 5.090643 90.625
v 187.5 4.016358 90.625
v 190.625 1.135323 90.625
v 193.75 0 90.625
v 196.875 0 90.625
v 200 0 90.625
v 0 0 93.75
v 3.125 0 93.75
v 6.25 0 93.75
v 9.375 5.401941 93.75
v 12.5 8.69804 93.75
v 15.625 10.90154 93.75
v 18.75 10.59025 93.75
v 21.875 12.96466 93.75
v 25 10.16297 93.75
v 28.125 9.131416 93.75
v 31.25 3.717268 93.75
v 34.375 5.981811 93.75
v 37.5 5.871941 93.75
v 40.625 9.680767 93.75
v 43.75 12.10401 93.75
v 46.875 13.48349 93.75
v 50 13.76427 93.75
v 53.125 11.27388 93.75
v 56.25 17.82335 93.75
v 59.375 19.84984 93.75
v 62.5 18.29946 93.75
v 65.625 10.28505 93.75
v 68.75 7.135445 93.75
v 71.875 5.200513 93.75
v 75 4.675578 93.75
v 78.125 4.150644 93.75
v 81.25 0.01220778 93.75
v 84.375 0 93.75
v 87.5 0 93.75
v 90.625 0 93.75
v 93.75 0 93.75
v 96.875 2.441555 93.75
v 100 3.912592 93.75
v 103.125 7.172069 93.75
v 106.25 4.333761 93.75
v 109.375 8.679729 93.75
v 112.5 9.790637 93.75
v 115.625 18.44595 93.75
v 118.75 17.61582 93.75
v 121.875 13.92297 93.75
v 125 10.96869 93.75
v 128.125 7.715315 93.75
v 131.25 6.250381 93.75
v 134.375 3.839346 93.75
v 137.5 3.51584 93.75
v 140.625 2.752854 93.75
v 143.75 1.7274 93.75
v 146.875 0 93.75
v 150 0.6836355 93.75
v 153.125 0 93.75
v 156.25 0 93.75
v 159.375 0 93.75
v 162.5 0 93.75
v 165.625 0.8667521 93.75
v 168.75 3.991943 93.75
v 171.875 4.510773 93.75
v 175 4.187267 93.75
v 178.125 3.766099 93.75
v 181.25 3.991943 93.75
v 184.375 4.229994 93.75
v 187.5 3.479216 93.75
v 190.625 0.6897393 93.75
v 193.75 0 93.75
v 196.875 0 93.75
v 200 0 93.75
v 0 0 96.875
v 3.125 0 96.875
v 6.25 0 96.875
v 9.375 4.822072 96.875
v 12.5 9.564793 96.875
v 15.625 13.92907 96.875
v 18.75 15.94336 96.875
v 21.875 19.1601 96.875
v 25 15.5405 96.875
v 28.125 13.5079 96.875
v 31.25 6.885186 96.875
v 34.375 7.935055 96.875
v 37.5 7.422328 96.875
v 40.625 10.76116 96.875
v 43.75 13.20271 96.875
v 46.875 13.59946 96.875
v 50 13.42245 96.875
v 53.125 11.3044 96.875
v 56.25 19.21504 96.875
v 59.375 22.05945 96.875
v 62.5 21.35751 96.875
v 65.625 13.54453 96.875
v 68.75 11.09687 96.875
v 71.875 10.1996 96.875
v 75 10.09583 96.875
v 78.125 9.27791 96.875
v 81.25 5.072331 96.875
v 84.375 0 96.875
v 87.5 0 96.875
v 90.625 0 96.875
v 93.75 0.08545443 96.875
v 96.875 2.813892 96.875
v 100 3.320515 96.875
v 103.125 5.871941 96.875
v 106.25 4.486358 96.875
v 109.375 8.954404 96.875
v 112.5 10.047 96.875
v 115.625 14.38686 96.875
v 118.75 13.06842 96.875
v 121.875 9.19856 96.875
v 125 3.271684 96.875
v 128.125 0 96.875
v 131.25 0 96.875
v 134.375 0 96.875
v 137.5 1.831167 96.875
v 140.625 2.356101 96.875
v 143.75 2.453763 96.875
v 146.875 1.953244 96.875
v 150 3.216749 96.875
v 153.125 2.795581 96.875
v 156.25 0.6348044 96.875
v 159.375 0 96.875
v 162.5 0 96.875
v 165.625 0 96.875
v 168.75 0 96.875
v 171.875 0 96.875
v 175 0 96.875
v 178.125 0 96.875
v 181.25 0 96.875
v 184.375 1.440518 96.875
v 187.5 1.226882 96.875
v 190.625 0 96.875
v 193.75 0 96.875
v 196.875 0 96.875
v 200 0 96.875
v 0 0 100
v 3.125 0 100
v 6.25 0 100
v 9.375 3.589086 100
v 12.5 9.247391 100
v 15.625 13.87414 100
v 18.75 17.17634 100
v 21.875 20.57621 100
v 25 16.9566 100
v 28.125 14.78362 100
v 31.25 11.47531 100
v 34.375 12.20778 100
v 37.5 11.38986 100
v 40.625 10.59635 100
v 43.75 9.729598 100
v 46.875 8.807911 100
v 50 8.826222 100
v 53.125 9.192455 100
v 56.25 13.71544 100
v 59.375 16.24245 100
v 62.5 18.38491 100
v 65.625 16.73686 100
v 68.75 16.46829 100
v 71.875 17.47543 100
v 75 18.00037 100
v 78.125 15.6931 100
v 81.25 10.18129 100
v 84.375 7.44064 100
v 87.5 5.920772 100
v 90.625 4.321553 100
v 93.75 1.879997 100
v 96.875 0 100
v 100 0 100
v 103.125 1.159739 100
v 106.25 0.9461027 100
v 109.375 5.090643 100
v 112.5 5.780382 100
v 115.625 8.91778 100
v 118.75 5.524019 100
v 121.875 0 100
v 125 0 100
v 128.125 0 100
v 131.25 0 100
v 134.375 0 100
v 137.5 1.477141 100
v 140.625 3.351035 100
v 143.75 4.559605 100
v 146.875 5.0235 100
v 150 4.69389 100
v 153.125 3.845449 100
v 156.25 2.600256 100
v 159.375 0.5371422 100
v 162.5 0 100
v 165.625 0 100
v 168.75 0 100
v 171.875 0 100
v 175 0 100
v 178.125 0 100
v 181.25 0 100
v 184.375 0 100
v 187.5 0 100
v 190.625 0 100
v 193.75 0 100
v 196.875 0 100
v 200 0 100
v 0 0 103.125
v 3.125 0 103.125
v 6.25 0 103.125
v 9.375 2.74675 103.125
v 12.5 8.533236 103.125
v 15.625 13.86803 103.125
v 18.75 17.22517 103.125
v 21.875 18.47037 103.125
v 25 17.25569 103.125
v 28.125 16.37673 103.125
v 31.25 15.00946 103.125
v 34.375 12.94024 103.125
v 37.5 10.99921 103.125
v 40.625 10.44986 103.125
v 43.75 7.672587 103.125
v 46.875 7.507782 103.125
v 50 6.354147 103.125
v 53.125 9.747909 103.125
v 56.25 12.39089 103.125
v 59.375 15.36349 103.125
v 62.5 18.00037 103.125
v 65.625 18.00037 103.125
v 68.75 18.00037 103.125
v 71.875 18.00037 103.125
v 75 18.00037 103.125
v 78.125 18.00037 103.125
v 81.25 13.46518 103.125
v 84.375 8.453885 103.125
v 87.5 8.17921 103.125
v 90.625 7.129341 103.125
v 93.75 4.895319 103.125
v 96.875 0.4272722 103.125
v 100 0 103.125
v 103.125 0 103.125
v 106.25 1.312336 103.125
v 109.375 5.35311 103.125
v 112.5 4.596228 103.125
v 115.625 2.612464 103.125
v 118.75 0 103.125
v 121.875 0 103.125
v 125 0 103.125
v 128.125 0 103.125
v 131.25 0 103.125
v 134.375 0 103.125
v 137.5 2.124153 103.125
v 140.625 6.726485 103.125
v 143.75 7.794665 103.125
v 146.875 7.526093 103.125
v 150 6.799731 103.125
v 153.125 5.951291 103.125
v 156.25 4.754929 103.125
v 159.375 3.448697 103.125
v 162.5 1.818959 103.125
v 165.625 0.1403894 103.125
v 168.75 0.006103888 103.125
v 171.875 0 103.125
v 175 0 103.125
v 178.125 0 103.125
v 181.25 0 103.125
v 184.375 0 103.125
v 187.5 0 103.125
v 190.625 0 103.125
v 193.75 0 103.125
v 196.875 0 103.125
v 200 0 103.125
v 0 0 106.25
v 3.125 0 106.25
v 6.25 0 106.25
v 9.375 3.344931 106.25
v 12.5 5.554538 106.25
v 15.625 8.820118 106.25
v 18.75 10.99921 106.25
v 21.875 12.54959 106.25
v 25 13.0379 106.25
v 28.125 12.95856 106.25
v 31.25 13.99621 106.25
v 34.375 12.09791 106.25
v 37.5 10.23012 106.25
v 40.625 10.27895 106.25
v 43.75 7.495574 106.25
v 46.875 8.032717 106.25
v 50 7.342978 106.25
v 53.125 10.48648 106.25
v 56.25 11.68284 106.25
v 59.375 14.96673 106.25
v 62.5 18.00037 106.25
v 65.625 18.00037 106.25
v 68.75 18.00037 106.25
v 71.875 18.00037 106.25
v 75 18.00037 106.25
v 78.125 18.00037 106.25
v 81.25 18.00037 106.25
v 84.375 10.86492 106.25
v 87.5 9.473234 106.25
v 90.625 8.740767 106.25
v 93.75 7.165965 106.25
v 96.875 3.686749 106.25
v 100 0 106.25
v 103.125 0 106.25
v 106.25 0 106.25
v 109.375 1.391686 106.25
v 112.5 0 106.25
v 115.625 0 106.25
v 118.75 0 106.25
v 121.875 0 106.25
v 125 0 106.25
v 128.125 0 106.25
v 131.25 0 106.25
v 134.375 2.679607 106.25
v 137.5 8.826222 106.25
v 140.625 11.10297 106.25
v 143.75 16.58426 106.25
v 146.875 16.45608 106.25
v 150 16.0166 106.25
v 153.125 9.552585 106.25
v 156.25 8.093756 106.25
v 159.375 6.97064 106.25
v 162.5 5.981811 106.25
v 165.625 4.980773 106.25
v 168.75 2.30727 106.25
v 171.875 0 106.25
v 175 0 106.25
v 178.125 0 106.25
v 181.25 0 106.25
v 184.375 0 106.25
v 187.5 0 106.25
v 190.625 0 106.25
v 193.75 0 106.25
v 196.875 0 106.25
v 200 0 106.25
v 0 0 109.375
v 3.125 0 109.375
v 6.25 0 109.375
v 9.375 3.442593 109.375
v 12.5 5.554538 109.375
v 15.625 8.643106 109.375
v 18.75 8.063236 109.375
v 21.875 9.351156 109.375
v 25 9.570896 109.375
v 28.125 11.89037 109.375
v 31.25 12.97687 109.375
v 34.375 11.3044 109.375
v 37.5 10.01038 109.375
v 40.625 10.08973 109.375
v 43.75 9.308429 109.375
v 46.875 9.473234 109.375
v 50 9.314533 109.375
v 53.125 10.71843 109.375
v 56.25 12.90972 109.375
v 59.375 15.8518 109.375
v 62.5 18.00037 109.375
v 65.625 18.00037 109.375
v 68.75 18.00037 109.375
v 71.875 18.00037 109.375
v 75 18.00037 109.375
v 78.125 18.00037 109.375
v 81.25 18.00037 109.375
v 84.375 18.00037 109.375
v 87.5 16.99933 109.375
v 90.625 9.625832 109.375
v 93.75 8.960507 109.375
v 96.875 7.947262 109.375
v 100 1.489349 109.375
v 103.125 0 109.375
v 106.25 0 109.375
v 109.375 0 109.375
v 112.5 0 109.375
v 115.625 0 109.375
v 118.75 0 109.375
v 121.875 0 109.375
v 125 0 109.375
v 128.125 1.806751 109.375
v 131.25 7.81908 109.375
v 134.375 12.85479 109.375
v 137.5 15.15595 109.375
v 140.625 15.26582 109.375
v 143.75 18.00037 109.375
v 146.875 18.00037 109.375
v 150 18.00037 109.375
v 153.125 15.02777 109.375
v 156.25 12.37258 109.375
v 159.375 11.65232 109.375
v 162.5 10.73674 109.375
v 165.625 8.72856 109.375
v 168.75 5.731551 109.375
v 171.875 0.4577916 109.375
v 175 0 109.375
v 178.125 0 109.375
v 181.25 0 109.375
v 184.375 0 109.375
v 187.5 0 109.375
v 190.625 0 109.375
v 193.75 0 109.375
v 196.875 0 109.375
v 200 0 109.375
v 0 0 112.5
v 3.125 0 112.5
v 6.25 0 112.5
v 9.375 3.259476 112.5
v 12.5 6.189342 112.5
v 15.625 8.820118 112.5
v 18.75 8.191418 112.5
v 21.875 9.375572 112.5
v 25 9.540378 112.5
v 28.125 11.40817 112.5
v 31.25 12.75713 112.5
v 34.375 11.45089 112.5
v 37.5 10.33999 112.5
v 40.625 10.01038 112.5
v 43.75 10.0409 112.5
v 46.875 10.05921 112.5
v 50 10.08973 112.5
v 53.125 10.63297 112.5
v 56.25 12.61674 112.5
v 59.375 14.77751 112.5
v 62.5 16.0166 112.5
v 65.625 18.00037 112.5
v 68.75 18.00037 112.5
v 71.875 18.00037 112.5
v 75 18.00037 112.5
v 78.125 18.00037 112.5
v 81.25 18.00037 112.5
v 84.375 14.6005 112.5
v 87.5 18.00037 112.5
v 90.625 13.84972 112.5
v 93.75 9.49765 112.5
v 96.875 8.832327 112.5
v 100 5.43246 112.5
v 103.125 1.348959 112.5
v 106.25 0 112.5
v 109.375 0 112.5
v 112.5 0 112.5
v 115.625 1.220778 112.5
v 118.75 4.687786 112.5
v 121.875 7.721418 112.5
v 125 10.42544 112.5
v 128.125 13.51401 112.5
v 131.25 16.74297 112.5
v 134.375 18.88543 112.5
v 137.5 19.23946 112.5
v 140.625 18.12244 112.5
v 143.75 18.00037 112.5
v 146.875 18.00037 112.5
v 150 18.00037 112.5
v 153.125 18.00037 112.5
v 156.25 17.01154 112.5
v 159.375 17.34115 112.5
v 162.5 16.4866 112.5
v 165.625 12.76323 112.5
v 168.75 9.393885 112.5
v 171.875 5.438564 112.5
v 175 1.226882 112.5
v 178.125 0 112.5
v 181.25 0 112.5
v 184.375 0 112.5
v 187.5 0 112.5
v 190.625 0 112.5
v 193.75 0 112.5
v 196.875 0 112.5
v 200 0 112.5
v 0 0 115.625
v 3.125 0 115.625
v 6.25 0 115.625
v 9.375 0.2624672 115.625
v 12.5 7.776353 115.625
v 15.625 10.88934 115.625
v 18.75 10.44986 115.625
v 21.875 11.7744 115.625
v 25 12.2383 115.625
v 28.125 14.50894 115.625
v 31.25 13.73985 115.625
v 34.375 12.92804 115.625
v 37.5 12.15895 115.625
v 40.625 11.54856 115.625
v 43.75 10.8283 115.625
v 46.875 10.14466 115.625
v 50 10.06531 115.625
v 53.125 10.24843 115.625
v 56.25 10.95648 115.625
v 59.375 11.7744 115.625
v 62.5 12.98907 115.625
v 65.625 17.60361 115.625
v 68.75 18.00037 115.625
v 71.875 18.00037 115.625
v 75 15.27193 115.625
v 78.125 14.42349 115.625
v 81.25 15.0705 115.625
v 84.375 10.27895 115.625
v 87.5 9.509858 115.625
v 90.625 9.088689 115.625
v 93.75 8.655313 115.625
v 96.875 8.228042 115.625
v 100 5.365318 115.625
v 103.125 1.269609 115.625
v 106.25 0 115.625
v 109.375 0 115.625
v 112.5 1.464933 115.625
v 115.625 5.615577 115.625
v 118.75 9.650247 115.625
v 121.875 13.55063 115.625
v 125 16.78569 115.625
v 128.125 18.59855 115.625
v 131.25 20.15504 115.625
v 134.375 21.57114 115.625
v 137.5 21.74815 115.625
v 140.625 20.4114 115.625
v 143.75 18.00037 115.625
v 146.875 18.00037 115.625
v 150 18.00037 115.625
v 153.125 18.00037 115.625
v 156.25 18.00037 115.625
v 159.375 21.33919 115.625
v 162.5 20.31984 115.625
v 165.625 16.37063 115.625
v 168.75 11.76219 115.625
v 171.875 9.27791 115.625
v 175 6.891289 115.625
v 178.125 4.712202 115.625
v 181.25 3.289996 115.625
v 184.375 2.533113 115.625
v 187.5 1.31844 115.625
v 190.625 0 115.625
v 193.75 0 115.625
v 196.875 0 115.625
v 200 0 115.625
v 0 0 118.75
v 3.125 0 118.75
v 6.25 0 118.75
v 9.375 0 118.75
v 12.5 6.164927 118.75
v 15.625 10.32168 118.75
v 18.75 12.79375 118.75
v 21.875 14.39297 118.75
v 25 15.48556 118.75
v 28.125 16.9505 118.75
v 31.25 20.02075 118.75
v 34.375 20.73491 118.75
v 37.5 21.29646 118.75
v 40.625 17.5914 118.75
v 43.75 15.82128 118.75
v 46.875 12.78154 118.75
v 50 11.70115 118.75
v 53.125 10.12025 118.75
v 56.25 10.13856 118.75
v 59.375 10.32778 118.75
v 62.5 11.1396 118.75
v 65.625 13.84362 118.75
v 68.75 15.8518 118.75
v 71.875 13.73985 118.75
v 75 11.35934 118.75
v 78.125 13.1783 118.75
v 81.25 18.00037 118.75
v 84.375 11.12128 118.75
v 87.5 7.635964 118.75
v 90.625 6.836355 118.75
v 93.75 6.146616 118.75
v 96.875 6.158823 118.75
v 100 4.956357 118.75
v 103.125 2.801685 118.75
v 106.25 1.220778 118.75
v 109.375 2.026491 118.75
v 112.5 5.10285 118.75
v 115.625 8.814014 118.75
v 118.75 12.76933 118.75
v 121.875 16.84063 118.75
v 125 19.70335 118.75
v 128.125 19.83153 118.75
v 131.25 19.89257 118.75
v 134.375 21.69932 118.75
v 137.5 23.2314 118.75
v 140.625 22.04724 118.75
v 143.75 21.08893 118.75
v 146.875 18.00037 118.75
v 150 18.00037 118.75
v 153.125 18.00037 118.75
v 156.25 19.83153 118.75
v 159.375 20.2588 118.75
v 162.5 20.44803 118.75
v 165.625 18.2018 118.75
v 168.75 13.88024 118.75
v 171.875 11.72557 118.75
v 175 11.02973 118.75
v 178.125 8.575962 118.75
v 181.25 6.476225 118.75
v 184.375 5.200513 118.75
v 187.5 4.040774 118.75
v 190.625 1.934933 118.75
v 193.75 0 118.75
v 196.875 0 118.75
v 200 0 118.75
v 0 0 121.875
v 3.125 0 121.875
v 6.25 0 121.875
v 9.375 0 121.875
v 12.5 3.271684 121.875
v 15.625 7.666483 121.875
v 18.75 10.38271 121.875
v 21.875 14.58219 121.875
v 25 16.39504 121.875
v 28.125 18.78166 121.875
v 31.25 20.16725 121.875
v 34.375 21.40634 121.875
v 37.5 20.97906 121.875
v 40.625 19.59348 121.875
v 43.75 17.75011 121.875
v 46.875 15.91284 121.875
v 50 13.9657 121.875
v 53.125 11.96972 121.875
v 56.25 14.11219 121.875
v 59.375 16.82232 121.875
v 62.5 18.00037 121.875
v 65.625 16.4866 121.875
v 68.75 14.31362 121.875
v 71.875 10.89544 121.875
v 75 9.924922 121.875
v 78.125 8.594275 121.875
v 81.25 6.543368 121.875
v 84.375 4.486358 121.875
v 87.5 3.668437 121.875
v 90.625 3.308307 121.875
v 93.75 2.911555 121.875
v 96.875 3.796618 121.875
v 100 4.968565 121.875
v 103.125 4.895319 121.875
v 106.25 4.742721 121.875
v 109.375 5.896356 121.875
v 112.5 8.69804 121.875
v 115.625 11.95141 121.875
v 118.75 15.09492 121.875
v 121.875 18.3666 121.875
v 125 20.47854 121.875
v 128.125 20.63725 121.875
v 131.25 21.08893 121.875
v 134.375 22.53555 121.875
v 137.5 23.15815 121.875
v 140.625 23.40231 121.875
v 143.75 23.78685 121.875
v 146.875 20.564 121.875
v 150 18.66569 121.875
v 153.125 19.05634 121.875
v 156.25 18.92816 121.875
v 159.375 18.22011 121.875
v 162.5 17.04206 121.875
v 165.625 16.65141 121.875
v 168.75 14.87518 121.875
v 171.875 15.12544 121.875
v 175 16.07764 121.875
v 178.125 12.07349 121.875
v 181.25 7.922847 121.875
v 184.375 6.146616 121.875
v 187.5 5.090643 121.875
v 190.625 3.546359 121.875
v 193.75 0.1770128 121.875
v 196.875 0 121.875
v 200 0 121.875
v 0 0 125
v 3.125 0 125
v 6.25 0 125
v 9.375 0 125
v 12.5 3.662333 125
v 15.625 7.928951 125
v 18.75 9.918818 125
v 21.875 14.56998 125
v 25 17.19465 125
v 28.125 20.64335 125
v 31.25 22.95062 125
v 34.375 22.16322 125
v 37.5 21.86413 125
v 40.625 20.77153 125
v 43.75 19.45309 125
v 46.875 17.91491 125
v 50 18.00037 125
v 53.125 18.00037 125
v 56.25 15.58323 125
v 59.375 18.00037 125
v 62.5 18.00037 125
v 65.625 18.00037 125
v 68.75 18.00037 125
v 71.875 15.3879 125
v 75 10.47427 125
v 78.125 6.598303 125
v 81.25 2.343893 125
v 84.375 0 125
v 87.5 0 125
v 90.625 0.7141549 125
v 93.75 2.038699 125
v 96.875 3.790514 125
v 100 6.384667 125
v 103.125 7.312458 125
v 106.25 8.002197 125
v 109.375 10.81609 125
v 112.5 15.66868 125
v 115.625 18.00037 125
v 118.75 18.00037 125
v 121.875 18.49478 125
v 125 19.28218 125
v 128.125 20.47244 125
v 131.25 21.974 125
v 134.375 23.08491 125
v 137.5 24.25075 125
v 140.625 24.25685 125
v 143.75 24.58036 125
v 146.875 22.42568 125
v 150 18.97088 125
v 153.125 17.8966 125
v 156.25 18.22011 125
v 159.375 16.04102 125
v 162.5 13.78868 125
v 165.625 14.05115 125
v 168.75 16.52933 125
v 171.875 18.00037 125
v 175 18.00037 125
v 178.125 14.63713 125
v 181.25 8.710249 125
v 184.375 6.372459 125
v 187.5 5.420253 125
v 190.625 3.955319 125
v 193.75 0.6592199 125
v 196.875 0 125
v 200 0 125
v 0 0 128.125
v 3.125 0 128.125
v 6.25 0 128.125
v 9.375 4.529085 128.125
v 12.5 7.904535 128.125
v 15.625 11.17012 128.125
v 18.75 9.216871 128.125
v 21.875 13.98401 128.125
v 25 17.99426 128.125
v 28.125 21.47958 128.125
v 31.25 21.85802 128.125
v 34.375 23.12153 128.125
v 37.5 22.64543 128.125
v 40.625 21.60166 128.125
v 43.75 20.39919 128.125
v 46.875 19.11738 128.125
v 50 18.00037 128.125
v 53.125 18.00037 128.125
v 56.25 18.00037 128.125
v 59.375 18.00037 128.125
v 62.5 18.00037 128.125
v 65.625 18.00037 128.125
v 68.75 16.69413 128.125
v 71.875 10.90765 128.125
v 75 8.191418 128.125
v 78.125 4.510773 128.125
v 81.25 0 128.125
v 84.375 0 128.125
v 87.5 0 128.125
v 90.625 1.367271 128.125
v 93.75 4.370384 128.125
v 96.875 6.360251 128.125
v 100 8.197522 128.125
v 103.125 9.778429 128.125
v 106.25 11.73167 128.125
v 109.375 18.00037 128.125
v 112.5 18.00037 128.125
v 115.625 18.00037 128.125
v 118.75 18.00037 128.125
v 121.875 19.17231 128.125
v 125 18.55582 128.125
v 128.125 19.61179 128.125
v 131.25 22.25478 128.125
v 134.375 23.37179 128.125
v 137.5 24.12867 128.125
v 140.625 24.75127 128.125
v 143.75 24.89776 128.125
v 146.875 24.97101 128.125
v 150 19.56296 128.125
v 153.125 17.93322 128.125
v 156.25 19.40426 128.125
v 159.375 17.54257 128.125
v 162.5 14.74699 128.125
v 165.625 13.5079 128.125
v 168.75 18.00037 128.125
v 171.875 18.00037 128.125
v 175 18.16517 128.125
v 178.125 13.64219 128.125
v 181.25 8.643106 128.125
v 184.375 6.549472 128.125
v 187.5 5.481292 128.125
v 190.625 3.717268 128.125
v 193.75 0.3540255 128.125
v 196.875 0 128.125
v 200 0 128.125
v 0 0 131.25
v 3.125 0 131.25
v 6.25 1.025453 131.25
v 9.375 6.872978 131.25
v 12.5 11.44479 131.25
v 15.625 10.39492 131.25
v 18.75 9.595312 131.25
v 21.875 11.82323 131.25
v 25 19.0014 131.25
v 28.125 23.74412 131.25
v 31.25 25.00153 131.25
v 34.375 24.4888 131.25
v 37.5 23.41451 131.25
v 40.625 22.17542 131.25
v 43.75 20.89971 131.25
v 46.875 19.61179 131.25
v 50 18.57413 131.25
v 53.125 18.10413 131.25
v 56.25 18.01258 131.25
v 59.375 18.00037 131.25
v 62.5 18.00037 131.25
v 65.625 14.02673 131.25
v 68.75 12.38479 131.25
v 71.875 8.807911 131.25
v 75 6.647134 131.25
v 78.125 2.472075 131.25
v 81.25 0 131.25
v 84.375 0 131.25
v 87.5 0 131.25
v 90.625 4.620643 131.25
v 93.75 9.186352 131.25
v 96.875 11.7744 131.25
v 100 12.83648 131.25
v 103.125 13.09894 131.25
v 106.25 14.82024 131.25
v 109.375 18.00037 131.25
v 112.5 18.00037 131.25
v 115.625 18.00037 131.25
v 118.75 18.00037 131.25
v 121.875 18.70842 131.25
v 125 19.22114 131.25
v 128.125 20.70439 131.25
v 131.25 22.32802 131.25
v 134.375 23.34127 131.25
v 137.5 24.27516 131.25
v 140.625 24.94659 131.25
v 143.75 24.9588 131.25
v 146.875 25.10529 131.25
v 150 22.68205 131.25
v 153.125 20.52738 131.25
v 156.25 23.19477 131.25
v 159.375 23.59153 131.25
v 162.5 20.00855 131.25
v 165.625 14.98505 131.25
v 168.75 18.00037 131.25
v 171.875 18.00037 131.25
v 175 14.82634 131.25
v 178.125 11.48752 131.25
v 181.25 8.350119 131.25
v 184.375 6.78142 131.25
v 187.5 5.46298 131.25
v 190.625 3.021425 131.25
v 193.75 0 131.25
v 196.875 0 131.25
v 200 0 131.25
v 0 0 134.375
v 3.125 0 134.375
v 6.25 1.025453 134.375
v 9.375 4.61454 134.375
v 12.5 6.158823 134.375
v 15.625 5.420253 134.375
v 18.75 7.288043 134.375
v 21.875 12.18946 134.375
v 25 19.98413 134.375
v 28.125 25.00153 134.375
v 31.25 25.00153 134.375
v 34.375 25.00153 134.375
v 37.5 23.64036 134.375
v 40.625 22.42568 134.375
v 43.75 21.07062 134.375
v 46.875 19.7827 134.375
v 50 18.69621 134.375
v 53.125 18.2079 134.375
v 56.25 18.04309 134.375
v 59.375 18.00037 134.375
v 62.5 18.00037 134.375
v 65.625 9.833364 134.375
v 68.75 9.094793 134.375
v 71.875 7.281938 134.375
v 75 3.729476 134.375
v 78.125 0 134.375
v 81.25 0 134.375
v 84.375 0 134.375
v 87.5 5.127266 134.375
v 90.625 10.85271 134.375
v 93.75 14.39907 134.375
v 96.875 16.26686 134.375
v 100 16.4805 134.375
v 103.125 16.06543 134.375
v 106.25 16.70024 134.375
v 109.375 18.00037 134.375
v 112.5 18.00037 134.375
v 115.625 18.00037 134.375
v 118.75 18.00037 134.375
v 121.875 18.00037 134.375
v 125 19.7766 134.375
v 128.125 21.00958 134.375
v 131.25 22.1327 134.375
v 134.375 23.40841 134.375
v 137.5 24.36672 134.375
v 140.625 24.93438 134.375
v 143.75 25.00153 134.375
v 146.875 25.07477 134.375
v 150 25.73399 134.375
v 153.125 22.41348 134.375
v 156.25 22.98724 134.375
v 159.375 24.61698 134.375
v 162.5 21.9801 134.375
v 165.625 16.34011 134.375
v 168.75 17.67686 134.375
v 171.875 18.00037 134.375
v 175 16.804 134.375
v 178.125 11.84765 134.375
v 181.25 8.716352 134.375
v 184.375 7.092718 134.375
v 187.5 5.511811 134.375
v 190.625 2.203504 134.375
v 193.75 0 134.375
v 196.875 0 134.375
v 200 0 134.375
v 0 0 137.5
v 3.125 0 137.5
v 6.25 0 137.5
v 9.375 1.025453 137.5
v 12.5 2.997009 137.5
v 15.625 5.865837 137.5
v 18.75 9.662456 137.5
v 21.875 15.72362 137.5
v 25 22.43789 137.5
v 28.125 25.00153 137.5
v 31.25 25.00153 137.5
v 34.375 25.00153 137.5
v 37.5 24.0127 137.5
v 40.625 22.73698 137.5
v 43.75 21.22322 137.5
v 46.875 19.58738 137.5
v 50 19.00751 137.5
v 53.125 18.46426 137.5
v 56.25 18.03699 137.5
v 59.375 18.00037 137.5
v 62.5 18.00037 137.5
v 65.625 10.81609 137.5
v 68.75 10.85882 137.5
v 71.875 5.21272 137.5
v 75 0.07324666 137.5
v 78.125 0 137.5
v 81.25 0 137.5
v 84.375 2.478179 137.5
v 87.5 9.38778 137.5
v 90.625 14.41738 137.5
v 93.75 17.59751 137.5
v 96.875 19.58127 137.5
v 100 19.97803 137.5
v 103.125 19.56296 137.5
v 106.25 18.92205 137.5
v 109.375 18.00037 137.5
v 112.5 18.30556 137.5
v 115.625 20.30153 137.5
v 118.75 19.03192 137.5
v 121.875 18.04309 137.5
v 125 19.71556 137.5
v 128.125 20.81426 137.5
v 131.25 21.99841 137.5
v 134.375 23.34127 137.5
v 137.5 24.53153 137.5
v 140.625 24.92828 137.5
v 143.75 25.00153 137.5
v 146.875 25.02594 137.5
v 150 25.26399 137.5
v 153.125 26.32607 137.5
v 156.25 20.89971 137.5
v 159.375 19.85595 137.5
v 162.5 19.33712 137.5
v 165.625 17.07868 137.5
v 168.75 17.40829 137.5
v 171.875 18.00037 137.5
v 175 20.4114 137.5
v 178.125 13.95349 137.5
v 181.25 9.534273 137.5
v 184.375 7.623756 137.5
v 187.5 5.725447 137.5
v 190.625 1.831167 137.5
v 193.75 0 137.5
v 196.875 0 137.5
v 200 0 137.5
v 0 0 140.625
v 3.125 0 140.625
v 6.25 0 140.625
v 9.375 0.5127266 140.625
v 12.5 5.066227 140.625
v 15.625 7.367393 140.625
v 18.75 10.5109 140.625
v 21.875 17.83556 140.625
v 25 22.43789 140.625
v 28.125 25.00153 140.625
v 31.25 25.00153 140.625
v 34.375 25.00153 140.625
v 37.5 25.00153 140.625
v 40.625 23.46945 140.625
v 43.75 22.19374 140.625
v 46.875 21.08893 140.625
v 50 20.18556 140.625
v 53.125 19.43478 140.625
v 56.25 18.58634 140.625
v 59.375 17.14582 140.625
v 62.5 12.03076 140.625
v 65.625 18.00037 140.625
v 68.75 7.062198 140.625
v 71.875 3.62571 140.625
v 75 0 140.625
v 78.125 0 140.625
v 81.25 0 140.625
v 84.375 3.540255 140.625
v 87.5 10.81609 140.625
v 90.625 16.04102 140.625
v 93.75 19.56907 140.625
v 96.875 22.6027 140.625
v 100 22.54776 140.625
v 103.125 20.61893 140.625
v 106.25 18.58024 140.625
v 109.375 18.14075 140.625
v 112.5 19.69114 140.625
v 115.625 21.41854 140.625
v 118.75 21.06452 140.625
v 121.875 20.33205 140.625
v 125 18.73894 140.625
v 128.125 20.2588 140.625
v 131.25 21.6627 140.625
v 134.375 23.2314 140.625
v 137.5 24.37893 140.625
v 140.625 24.81231 140.625
v 143.75 25.00153 140.625
v 146.875 25.00153 140.625
v 150 25.03815 140.625
v 153.125 25.26399 140.625
v 156.25 24.10425 140.625
v 159.375 20.33816 140.625
v 162.5 20.01465 140.625
v 165.625 20.55179 140.625
v 168.75 20.82036 140.625
v 171.875 23.62205 140.625
v 175 21.93127 140.625
v 178.125 15.10712 140.625
v 181.25 10.23622 140.625
v 184.375 8.173106 140.625
v 187.5 6.146616 140.625
v 190.625 2.044802 140.625
v 193.75 0 140.625
v 196.875 0 140.625
v 200 0 140.625
v 0 0 143.75
v 3.125 0 143.75
v 6.25 0 143.75
v 9.375 4.620643 143.75
v 12.5 8.105964 143.75
v 15.625 10.08362 143.75
v 18.75 11.46921 143.75
v 21.875 20.42971 143.75
v 25 25.00153 143.75
v 28.125 25.00153 143.75
v 31.25 25.00153 143.75
v 34.375 25.00153 143.75
v 37.5 25.00153 143.75
v 40.625 24.19581 143.75
v 43.75 23.13984 143.75
v 46.875 22.18763 143.75
v 50 21.35751 143.75
v 53.125 20.44803 143.75
v 56.25 19.34933 143.75
v 59.375 17.67686 143.75
v 62.5 16.08985 143.75
v 65.625 10.88934 143.75
v 68.75 6.787524 143.75
v 71.875 2.789477 143.75
v 75 0 143.75
v 78.125 0 143.75
v 81.25 0 143.75
v 84.375 4.828176 143.75
v 87.5 11.70726 143.75
v 90.625 17.32894 143.75
v 93.75 22.15711 143.75
v 96.875 24.41555 143.75
v 100 24.81841 143.75
v 103.125 23.384 143.75
v 106.25 21.8275 143.75
v 109.375 21.22932 143.75
v 112.5 22.11439 143.75
v 115.625 21.80919 143.75
v 118.75 21.77257 143.75
v 121.875 20.93634 143.75
v 125 20.74101 143.75
v 128.125 19.41036 143.75
v 131.25 20.52127 143.75
v 134.375 22.98114 143.75
v 137.5 24.23244 143.75
v 140.625 24.73906 143.75
v 143.75 25.00153 143.75
v 146.875 25.00153 143.75
v 150 25.00153 143.75
v 153.125 25.05036 143.75
v 156.25 25.55087 143.75
v 159.375 24.09205 143.75
v 162.5 23.20088 143.75
v 165.625 22.95062 143.75
v 168.75 22.02283 143.75
v 171.875 22.34023 143.75
v 175 18.90374 143.75
v 178.125 13.92907 143.75
v 181.25 10.40103 143.75
v 184.375 8.612587 143.75
v 187.5 6.579991 143.75
v 190.625 2.710126 143.75
v 193.75 0 143.75
v 196.875 0 143.75
v 200 0 143.75
v 0 0 146.875
v 3.125 0 146.875
v 6.25 0 146.875
v 9.375 4.321553 146.875
v 12.5 6.103888 146.875
v 15.625 5.676616 146.875
v 18.75 9.271807 146.875
v 21.875 19.30049 146.875
v 25 25.00153 146.875
v 28.125 25.00153 146.875
v 31.25 25.00153 146.875
v 34.375 25.00153 146.875
v 37.5 25.00153 146.875
v 40.625 25.00153 146.875
v 43.75 23.94555 146.875
v 46.875 23.19477 146.875
v 50 22.48062 146.875
v 53.125 21.55893 146.875
v 56.25 20.49686 146.875
v 59.375 19.24556 146.875
v 62.5 17.92101 146.875
v 65.625 13.44687 146.875
v 68.75 8.295184 146.875
v 71.875 4.040774 146.875
v 75 0.6836355 146.875
v 78.125 0 146.875
v 81.25 1.7274 146.875
v 84.375 7.049991 146.875
v 87.5 13.12946 146.875
v 90.625 19.16621 146.875
v 93.75 24.07984 146.875
v 96.875 25.80724 146.875
v 100 27.53464 146.875
v 103.125 26.74113 146.875
v 106.25 25.20295 146.875
v 109.375 24.37283 146.875
v 112.5 23.97607 146.875
v 115.625 22.18763 146.875
v 118.75 20.42971 146.875
v 121.875 22.48672 146.875
v 125 21.36361 146.875
v 128.125 21.24153 146.875
v 131.25 21.90685 146.875
v 134.375 23.21309 146.875
v 137.5 24.34841 146.875
v 140.625 24.79399 146.875
v 143.75 25.00153 146.875
v 146.875 25.00153 146.875
v 150 25.00153 146.875
v 153.125 25.02594 146.875
v 156.25 25.26399 146.875
v 159.375 24.47659 146.875
v 162.5 22.25478 146.875
v 165.625 20.8814 146.875
v 168.75 19.44699 146.875
v 171.875 17.75011 146.875
v 175 14.51505 146.875
v 178.125 14.74699 146.875
v 181.25 18.00037 146.875
v 184.375 11.63401 146.875
v 187.5 6.934017 146.875
v 190.625 3.650125 146.875
v 193.75 0 146.875
v 196.875 0 146.875
v 200 0 146.875
v 0 0 150
v 3.125 0 150
v 6.25 0 150
v 9.375 2.765061 150
v 12.5 0.09766221 150
v 15.625 4.699994 150
v 18.75 8.276873 150
v 21.875 19.84984 150
v 25 24.78789 150
v 28.125 21.91296 150
v 31.25 21.91906 150
v 34.375 21.91906 150
v 37.5 25.00153 150
v 40.625 25.00153 150
v 43.75 24.63529 150
v 46.875 24.19581 150
v 50 23.57932 150
v 53.125 22.7614 150
v 56.25 21.88854 150
v 59.375 20.78984 150
v 62.5 19.64231 150
v 65.625 16.24245 150
v 68.75 10.24843 150
v 71.875 5.737655 150
v 75 2.874931 150
v 78.125 2.447659 150
v 81.25 5.060123 150
v 84.375 9.876091 150
v 87.5 15.68089 150
v 90.625 21.83361 150
v 93.75 23.17646 150
v 96.875 23.26192 150
v 100 27.90087 150
v 103.125 30.21425 150
v 106.25 28.61503 150
v 109.375 24.72075 150
v 112.5 21.72984 150
v 115.625 22.65153 150
v 118.75 22.43179 150
v 121.875 22.15101 150
v 125 21.11945 150
v 128.125 21.21712 150
v 131.25 22.79802 150
v 134.375 23.87841 150
v 137.5 24.90386 150
v 140.625 25.00153 150
v 143.75 25.00153 150
v 146.875 25.00153 150
v 150 25.00153 150
v 153.125 24.99542 150
v 156.25 24.89166 150
v 159.375 24.67802 150
v 162.5 20.84478 150
v 165.625 18.92816 150
v 168.75 18.12855 150
v 171.875 15.65037 150
v 175 14.29531 150
v 178.125 18.00037 150
v 181.25 10.49258 150
v 184.375 9.094793 150
v 187.5 7.281938 150
v 190.625 4.638955 150
v 193.75 0.8911676 150
v 196.875 0 150
v 200 0 150
v 0 0 153.125
v 3.125 0 153.125
v 6.25 0 153.125
v 9.375 1.367271 153.125
v 12.5 2.52701 153.125
v 15.625 3.387658 153.125
v 18.75 3.711164 153.125
v 21.875 11.01752 153.125
v 25 17.65244 153.125
v 28.125 19.60569 153.125
v 31.25 21.3514 153.125
v 34.375 21.35751 153.125
v 37.5 24.99542 153.125
v 40.625 25.00153 153.125
v 43.75 25.00153 153.125
v 46.875 25.2823 153.125
v 50 24.66581 153.125
v 53.125 23.93945 153.125
v 56.25 23.19477 153.125
v 59.375 22.75529 153.125
v 62.5 20.63114 153.125
v 65.625 17.5914 153.125
v 68.75 12.05518 153.125
v 71.875 7.025576 153.125
v 75 4.278826 153.125
v 78.125 4.657267 153.125
v 81.25 8.057133 153.125
v 84.375 13.1905 153.125
v 87.5 19.22725 153.125
v 90.625 23.5549 153.125
v 93.75 25.99646 153.125
v 96.875 27.30269 153.125
v 100 29.3597 153.125
v 103.125 30.59879 153.125
v 106.25 28.37087 153.125
v 109.375 27.44918 153.125
v 112.5 23.21919 153.125
v 115.625 21.85802 153.125
v 118.75 22.77971 153.125
v 121.875 21.14387 153.125
v 125 20.76543 153.125
v 128.125 22.21815 153.125
v 131.25 24.03101 153.125
v 134.375 24.83672 153.125
v 137.5 24.97711 153.125
v 140.625 25.00153 153.125
v 143.75 25.00153 153.125
v 146.875 25.00153 153.125
v 150 25.00153 153.125
v 153.125 24.98321 153.125
v 156.25 24.82451 153.125
v 159.375 24.47049 153.125
v 162.5 21.30867 153.125
v 165.625 20.03296 153.125
v 168.75 19.37984 153.125
v 171.875 15.99829 153.125
v 175 18.00037 153.125
v 178.125 18.00037 153.125
v 181.25 10.82219 153.125
v 184.375 9.247391 153.125
v 187.5 7.465055 153.125
v 190.625 5.35311 153.125
v 193.75 2.447659 153.125
v 196.875 0 153.125
v 200 0 153.125
v 0 0 156.25
v 3.125 0 156.25
v 6.25 0 156.25
v 9.375 1.989868 156.25
v 12.5 4.608436 156.25
v 15.625 4.156748 156.25
v 18.75 3.125191 156.25
v 21.875 7.886223 156.25
v 25 13.43466 156.25
v 28.125 10.23622 156.25
v 31.25 15.08271 156.25
v 34.375 17.20076 156.25
v 37.5 24.94659 156.25
v 40.625 24.99542 156.25
v 43.75 25.10529 156.25
v 46.875 25.01373 156.25
v 50 24.86724 156.25
v 53.125 24.54984 156.25
v 56.25 23.87231 156.25
v 59.375 22.48062 156.25
v 62.5 20.07569 156.25
v 65.625 16.22413 156.25
v 68.75 11.22505 156.25
v 71.875 6.390771 156.25
v 75 3.998047 156.25
v 78.125 5.810902 156.25
v 81.25 10.92596 156.25
v 84.375 16.91387 156.25
v 87.5 21.49179 156.25
v 90.625 23.92724 156.25
v 93.75 27.50412 156.25
v 96.875 31.2336 156.25
v 100 32.29567 156.25
v 103.125 31.06269 156.25
v 106.25 29.62217 156.25
v 109.375 27.74217 156.25
v 112.5 24.98321 156.25
v 115.625 22.87127 156.25
v 118.75 23.48776 156.25
v 121.875 24.36062 156.25
v 125 22.79802 156.25
v 128.125 22.16322 156.25
v 131.25 23.64646 156.25
v 134.375 24.75737 156.25
v 137.5 25.00153 156.25
v 140.625 25.00153 156.25
v 143.75 25.00153 156.25
v 146.875 25.00153 156.25
v 150 25.00153 156.25
v 153.125 25.38607 156.25
v 156.25 25.5875 156.25
v 159.375 25.17854 156.25
v 162.5 23.2314 156.25
v 165.625 22.73698 156.25
v 168.75 21.24153 156.25
v 171.875 17.38387 156.25
v 175 18.00037 156.25
v 178.125 18.00037 156.25
v 181.25 11.32882 156.25
v 184.375 9.369469 156.25
v 187.5 7.318563 156.25
v 190.625 5.292071 156.25
v 193.75 3.033633 156.25
v 196.875 0.7019472 156.25
v 200 0 156.25
v 0 0 159.375
v 3.125 0 159.375
v 6.25 0 159.375
v 9.375 3.363242 159.375
v 12.5 8.25856 159.375
v 15.625 5.920772 159.375
v 18.75 4.156748 159.375
v 21.875 5.13337 159.375
v 25 10.84661 159.375
v 28.125 12.79985 159.375
v 31.25 17.16413 159.375
v 34.375 20.16114 159.375
v 37.5 24.89166 159.375
v 40.625 24.95269 159.375
v 43.75 25.00153 159.375
v 46.875 25.00153 159.375
v 50 24.84893 159.375
v 53.125 24.54373 159.375
v 56.25 23.8662 159.375
v 59.375 22.43179 159.375
v 62.5 19.81932 159.375
v 65.625 15.42453 159.375
v 68.75 9.204663 159.375
v 71.875 3.497528 159.375
v 75 0.817921 159.375
v 78.125 3.723372 159.375
v 81.25 10.85882 159.375
v 84.375 17.87829 159.375
v 87.5 20.42361 159.375
v 90.625 22.06556 159.375
v 93.75 25.34945 159.375
v 96.875 33.48593 159.375
v 100 34.60294 159.375
v 103.125 29.22541 159.375
v 106.25 32.11256 159.375
v 109.375 29.17048 159.375
v 112.5 29.6771 159.375
v 115.625 25.36165 159.375
v 118.75 25.57529 159.375
v 121.875 25.85607 159.375
v 125 24.34841 159.375
v 128.125 23.01776 159.375
v 131.25 23.84789 159.375
v 134.375 24.79399 159.375
v 137.5 25.00153 159.375
v 140.625 25.00153 159.375
v 143.75 25.00153 159.375
v 146.875 25.00153 159.375
v 150 26.02698 159.375
v 153.125 27.83983 159.375
v 156.25 26.66178 159.375
v 159.375 25.81334 159.375
v 162.5 23.05439 159.375
v 165.625 22.10218 159.375
v 168.75 20.37478 159.375
v 171.875 17.92101 159.375
v 175 15.55271 159.375
v 178.125 13.94128 159.375
v 181.25 11.90258 159.375
v 184.375 9.235183 159.375
v 187.5 6.390771 159.375
v 190.625 3.918696 159.375
v 193.75 2.136361 159.375
v 196.875 0.8667521 159.375
v 200 0.5554538 159.375
v 0 0 162.5
v 3.125 0 162.5
v 6.25 0 162.5
v 9.375 3.62571 162.5
v 12.5 7.336874 162.5
v 15.625 7.971678 162.5
v 18.75 9.912714 162.5
v 21.875 12.52518 162.5
v 25 15.51608 162.5
v 28.125 7.843496 162.5
v 31.25 8.72856 162.5
v 34.375 11.07856 162.5
v 37.5 22.74309 162.5
v 40.625 24.94659 162.5
v 43.75 25.00153 162.5
v 46.875 25.00153 162.5
v 50 24.87334 162.5
v 53.125 20.99127 162.5
v 56.25 17.93933 162.5
v 59.375 15.36349 162.5
v 62.5 15.58323 162.5
v 65.625 13.23323 162.5
v 68.75 7.733627 162.5
v 71.875 1.257401 162.5
v 75 0 162.5
v 78.125 3.503632 162.5
v 81.25 11.54245 162.5
v 84.375 18.14686 162.5
v 87.5 20.86919 162.5
v 90.625 21.9801 162.5
v 93.75 25.88659 162.5
v 96.875 33.90099 162.5
v 100 35.80541 162.5
v 103.125 32.37502 162.5
v 106.25 31.44723 162.5
v 109.375 32.52151 162.5
v 112.5 30.42178 162.5
v 115.625 29.53671 162.5
v 118.75 27.54074 162.5
v 121.875 26.91815 162.5
v 125 23.36568 162.5
v 128.125 24.73295 162.5
v 131.25 24.76347 162.5
v 134.375 24.99542 162.5
v 137.5 25.00153 162.5
v 140.625 25.00153 162.5
v 143.75 25.00153 162.5
v 146.875 25.2701 162.5
v 150 26.87542 162.5
v 153.125 27.54685 162.5
v 156.25 27.04633 162.5
v 159.375 26.69841 162.5
v 162.5 21.69932 162.5
v 165.625 20.84478 162.5
v 168.75 19.37984 162.5
v 171.875 17.55478 162.5
v 175 16.11427 162.5
v 178.125 14.58219 162.5
v 181.25 12.15284 162.5
v 184.375 8.704144 162.5
v 187.5 4.516877 162.5
v 190.625 0.9949338 162.5
v 193.75 0 162.5
v 196.875 0 162.5
v 200 0.2441555 162.5
v 0 0 165.625
v 3.125 0 165.625
v 6.25 0 165.625
v 9.375 1.879997 165.625
v 12.5 5.469084 165.625
v 15.625 7.758042 165.625
v 18.75 10.63297 165.625
v 21.875 13.75206 165.625
v 25 16.68803 165.625
v 28.125 12.47635 165.625
v 31.25 12.21998 165.625
v 34.375 11.6218 165.625
v 37.5 18.39712 165.625
v 40.625 19.89868 165.625
v 43.75 20.58842 165.625
v 46.875 19.50803 165.625
v 50 18.62296 165.625
v 53.125 12.34206 165.625
v 56.25 10.69401 165.625
v 59.375 10.9809 165.625
v 62.5 14.70427 165.625
v 65.625 12.60453 165.625
v 68.75 6.085577 165.625
v 71.875 0 165.625
v 75 0 165.625
v 78.125 4.400903 165.625
v 81.25 13.3492 165.625
v 84.375 19.4592 165.625
v 87.5 19.68504 165.625
v 90.625 23.60984 165.625
v 93.75 28.43801 165.625
v 96.875 32.42385 165.625
v 100 32.74736 165.625
v 103.125 32.50931 165.625
v 106.25 30.18983 165.625
v 109.375 33.85826 165.625
v 112.5 34.70671 165.625
v 115.625 32.00879 165.625
v 118.75 24.34231 165.625
v 121.875 27.58957 165.625
v 125 26.46036 165.625
v 128.125 23.76244 165.625
v 131.25 25.20906 165.625
v 134.375 25.06867 165.625
v 137.5 25.00153 165.625
v 140.625 25.00153 165.625
v 143.75 24.85503 165.625
v 146.875 22.55997 165.625
v 150 17.15803 165.625
v 153.125 23.27413 165.625
v 156.25 24.76347 165.625
v 159.375 22.74919 165.625
v 162.5 21.29646 165.625
v 165.625 20.45413 165.625
v 168.75 18.90374 165.625
v 171.875 16.9505 165.625
v 175 15.73582 165.625
v 178.125 14.47232 165.625
v 181.25 11.86596 165.625
v 184.375 7.867911 165.625
v 187.5 2.325581 165.625
v 190.625 0 165.625
v 193.75 0 165.625
v 196.875 0 165.625
v 200 0 165.625
v 0 0 168.75
v 3.125 0 168.75
v 6.25 0 168.75
v 9.375 0 168.75
v 12.5 3.070256 168.75
v 15.625 6.671549 168.75
v 18.75 7.385705 168.75
v 21.875 10.68791 168.75
v 25 14.14881 168.75
v 28.125 11.70115 168.75
v 31.25 10.69401 168.75
v 34.375 8.69804 168.75
v 37.5 13.58725 168.75
v 40.625 14.25258 168.75
v 43.75 14.4479 168.75
v 46.875 11.457 168.75
v 50 10.1996 168.75
v 53.125 6.366356 168.75
v 56.25 9.05817 168.75
v 59.375 9.35726 168.75
v 62.5 13.1844 168.75
v 65.625 11.69505 168.75
v 68.75 6.549472 168.75
v 71.875 0.3174022 168.75
v 75 0 168.75
v 78.125 5.078435 168.75
v 81.25 13.4957 168.75
v 84.375 18.37881 168.75
v 87.5 20.71049 168.75
v 90.625 25.91101 168.75
v 93.75 25.70958 168.75
v 96.875 27.69944 168.75
v 100 29.11555 168.75
v 103.125 33.21736 168.75
v 106.25 32.64359 168.75
v 109.375 32.27736 168.75
v 112.5 31.61814 168.75
v 115.625 32.72294 168.75
v 118.75 28.71269 168.75
v 121.875 24.84282 168.75
v 125 25.03205 168.75
v 128.125 25.62412 168.75
v 131.25 25.2701 168.75
v 134.375 25.07477 168.75
v 137.5 23.26802 168.75
v 140.625 22.95672 168.75
v 143.75 24.70854 168.75
v 146.875 17.06037 168.75
v 150 8.533236 168.75
v 153.125 17.32894 168.75
v 156.25 19.58127 168.75
v 159.375 19.82543 168.75
v 162.5 21.10724 168.75
v 165.625 21.61387 168.75
v 168.75 18.64128 168.75
v 171.875 15.79076 168.75
v 175 14.49673 168.75
v 178.125 13.38583 168.75
v 181.25 11.01141 168.75
v 184.375 7.043887 168.75
v 187.5 0.8545443 168.75
v 190.625 0 168.75
v 193.75 0 168.75
v 196.875 0 168.75
v 200 0 168.75
v 0 0 171.875
v 3.125 0 171.875
v 6.25 0 171.875
v 9.375 0 171.875
v 12.5 0.762986 171.875
v 15.625 4.437527 171.875
v 18.75 2.319478 171.875
v 21.875 5.591162 171.875
v 25 12.13453 171.875
v 28.125 19.23335 171.875
v 31.25 20.00244 171.875
v 34.375 14.62492 171.875
v 37.5 12.63505 171.875
v 40.625 11.07245 171.875
v 43.75 11.10908 171.875
v 46.875 8.197522 171.875
v 50 8.984923 171.875
v 53.125 8.441678 171.875
v 56.25 10.84051 171.875
v 59.375 10.69401 171.875
v 62.5 10.5109 171.875
v 65.625 8.881158 171.875
v 68.75 4.394799 171.875
v 71.875 0 171.875
v 75 0 171.875
v 78.125 3.613502 171.875
v 81.25 11.32882 171.875
v 84.375 18.30556 171.875
v 87.5 23.43283 171.875
v 90.625 21.13166 171.875
v 93.75 22.20595 171.875
v 96.875 26.42373 171.875
v 100 29.58555 171.875
v 103.125 28.87139 171.875
v 106.25 31.27022 171.875
v 109.375 31.84398 171.875
v 112.5 30.05555 171.875
v 115.625 29.92126 171.875
v 118.75 27.22334 171.875
v 121.875 27.05243 171.875
v 125 23.5427 171.875
v 128.125 23.37179 171.875
v 131.25 23.62815 171.875
v 134.375 23.7014 171.875
v 137.5 18.16517 171.875
v 140.625 20.01465 171.875
v 143.75 19.97803 171.875
v 146.875 16.11427 171.875
v 150 9.509858 171.875
v 153.125 13.37972 171.875
v 156.25 15.00336 171.875
v 159.375 15.67478 171.875
v 162.5 20.52738 171.875
v 165.625 20.73491 171.875
v 168.75 17.82335 171.875
v 171.875 13.62388 171.875
v 175 12.53739 171.875
v 178.125 11.6096 171.875
v 181.25 9.723494 171.875
v 184.375 6.409082 171.875
v 187.5 0.3662333 171.875
v 190.625 0 171.875
v 193.75 0 171.875
v 196.875 0 171.875
v 200 0 171.875
v 0 0 175
v 3.125 0 175
v 6.25 0 175
v 9.375 0 175
v 12.5 0 175
v 15.625 0.9583104 175
v 18.75 0 175
v 21.875 1.257401 175
v 25 9.71739 175
v 28.125 18.25673 175
v 31.25 18.9953 175
v 34.375 13.0379 175
v 37.5 11.1457 175
v 40.625 9.821156 175
v 43.75 8.667521 175
v 46.875 6.647134 175
v 50 4.852591 175
v 53.125 5.10285 175
v 56.25 7.538302 175
v 59.375 8.991027 175
v 62.5 7.507782 175
v 65.625 5.108954 175
v 68.75 0 175
v 71.875 0 175
v 75 0 175
v 78.125 1.251297 175
v 81.25 11.01141 175
v 84.375 17.35946 175
v 87.5 20.93634 175
v 90.625 19.30049 175
v 93.75 26.0514 175
v 96.875 25.47153 175
v 100 28.95074 175
v 103.125 28.74931 175
v 106.25 26.24672 175
v 109.375 30.1349 175
v 112.5 29.3536 175
v 115.625 29.05451 175
v 118.75 24.44607 175
v 121.875 21.32088 175
v 125 20.22218 175
v 128.125 20.47244 175
v 131.25 21.89465 175
v 134.375 19.02582 175
v 137.5 18.75725 175
v 140.625 17.79894 175
v 143.75 16.35842 175
v 146.875 14.49673 175
v 150 12.44583 175
v 153.125 11.87206 175
v 156.25 11.70726 175
v 159.375 14.47842 175
v 162.5 19.6301 175
v 165.625 18.3727 175
v 168.75 15.64427 175
v 171.875 10.80999 175
v 175 10.18129 175
v 178.125 9.577 175
v 181.25 8.28908 175
v 184.375 5.79259 175
v 187.5 0.6225966 175
v 190.625 0 175
v 193.75 0 175
v 196.875 0 175
v 200 0 175
v 0 0 178.125
v 3.125 0 178.125
v 6.25 0 178.125
v 9.375 0 178.125
v 12.5 0 178.125
v 15.625 0 178.125
v 18.75 0 178.125
v 21.875 0 178.125
v 25 5.127266 178.125
v 28.125 10.82219 178.125
v 31.25 15.55271 178.125
v 34.375 10.24232 178.125
v 37.5 9.503754 178.125
v 40.625 8.820118 178.125
v 43.75 8.026613 178.125
v 46.875 7.385705 178.125
v 50 5.43246 178.125
v 53.125 5.011292 178.125
v 56.25 4.425319 178.125
v 59.375 6.677654 178.125
v 62.5 4.358176 178.125
v 65.625 0.6592199 178.125
v 68.75 0 178.125
v 71.875 0 178.125
v 75 0 178.125
v 78.125 0 178.125
v 81.25 8.014404 178.125
v 84.375 13.61167 178.125
v 87.5 11.7683 178.125
v 90.625 13.79479 178.125
v 93.75 20.46023 178.125
v 96.875 24.15919 178.125
v 100 26.9975 178.125
v 103.125 25.24568 178.125
v 106.25 28.2549 178.125
v 109.375 28.0962 178.125
v 112.5 25.86217 178.125
v 115.625 21.68711 178.125
v 118.75 18.87933 178.125
v 121.875 16.59647 178.125
v 125 14.07557 178.125
v 128.125 18.89764 178.125
v 131.25 21.6566 178.125
v 134.375 14.93011 178.125
v 137.5 13.23323 178.125
v 140.625 12.53128 178.125
v 143.75 11.51804 178.125
v 146.875 10.40103 178.125
v 150 9.522065 178.125
v 153.125 8.893365 178.125
v 156.25 9.015443 178.125
v 159.375 14.39907 178.125
v 162.5 18.95257 178.125
v 165.625 15.89452 178.125
v 168.75 12.43362 178.125
v 171.875 8.203626 178.125
v 175 8.063236 178.125
v 178.125 7.73973 178.125
v 181.25 6.940121 178.125
v 184.375 5.304279 178.125
v 187.5 1.452725 178.125
v 190.625 0 178.125
v 193.75 0 178.125
v 196.875 0 178.125
v 200 0 178.125
v 0 0 181.25
v 3.125 0 181.25
v 6.25 2.050906 181.25
v 9.375 5.127266 181.25
v 12.5 5.127266 181.25
v 15.625 3.07636 181.25
v 18.75 0 181.25
v 21.875 0 181.25
v 25 2.050906 181.25
v 28.125 3.863761 181.25
v 31.25 8.887261 181.25
v 34.375 6.97064 181.25
v 37.5 6.415187 181.25
v 40.625 5.865837 181.25
v 43.75 5.450772 181.25
v 46.875 5.096746 181.25
v 50 2.838308 181.25
v 53.125 1.672465 181.25
v 56.25 1.39779 181.25
v 59.375 2.172984 181.25
v 62.5 0 181.25
v 65.625 0 181.25
v 68.75 0 181.25
v 71.875 0 181.25
v 75 0 181.25
v 78.125 0 181.25
v 81.25 3.540255 181.25
v 84.375 7.404016 181.25
v 87.5 7.2209 181.25
v 90.625 11.54856 181.25
v 93.75 11.84765 181.25
v 96.875 18.3605 181.25
v 100 20.8814 181.25
v 103.125 22.43179 181.25
v 106.25 18.76335 181.25
v 109.375 20.85088 181.25
v 112.5 18.214 181.25
v 115.625 15.32076 181.25
v 118.75 12.867 181.25
v 121.875 11.16401 181.25
v 125 10.11414 181.25
v 128.125 17.85387 181.25
v 131.25 9.711287 181.25
v 134.375 9.674663 181.25
v 137.5 9.479338 181.25
v 140.625 9.003236 181.25
v 143.75 8.356222 181.25
v 146.875 7.73973 181.25
v 150 7.2209 181.25
v 153.125 6.848563 181.25
v 156.25 6.818043 181.25
v 159.375 9.955442 181.25
v 162.5 15.50388 181.25
v 165.625 12.36037 181.25
v 168.75 7.983886 181.25
v 171.875 6.543368 181.25
v 175 6.488433 181.25
v 178.125 6.354147 181.25
v 181.25 5.951291 181.25
v 184.375 4.986876 181.25
v 187.5 2.447659 181.25
v 190.625 0 181.25
v 193.75 0 181.25
v 196.875 0 181.25
v 200 0 181.25
v 0 0 184.375
v 3.125 0 184.375
v 6.25 3.589086 184.375
v 9.375 9.229079 184.375
v 12.5 9.229079 184.375
v 15.625 5.639993 184.375
v 18.75 0 184.375
v 21.875 0 184.375
v 25 0 184.375
v 28.125 0 184.375
v 31.25 3.125191 184.375
v 34.375 2.734542 184.375
v 37.5 2.472075 184.375
v 40.625 2.356101 184.375
v 43.75 2.301166 184.375
v 46.875 2.105841 184.375
v 50 1.281816 184.375
v 53.125 0 184.375
v 56.25 0 184.375
v 59.375 0 184.375
v 62.5 4.101813 184.375
v 65.625 4.101813 184.375
v 68.75 4.101813 184.375
v 71.875 2.050906 184.375
v 75 2.563633 184.375
v 78.125 0 184.375
v 81.25 1.892205 184.375
v 84.375 4.425319 184.375
v 87.5 8.429469 184.375
v 90.625 1.141427 184.375
v 93.75 9.107001 184.375
v 96.875 11.7744 184.375
v 100 12.45804 184.375
v 103.125 8.936092 184.375
v 106.25 12.5618 184.375
v 109.375 10.12635 184.375
v 112.5 12.39089 184.375
v 115.625 10.64518 184.375
v 118.75 9.19856 184.375
v 121.875 8.118172 184.375
v 125 7.44064 184.375
v 128.125 7.086614 184.375
v 131.25 7.056095 184.375
v 134.375 7.00116 184.375
v 137.5 6.818043 184.375
v 140.625 6.470121 184.375
v 143.75 6.042849 184.375
v 146.875 5.658304 184.375
v 150 5.469084 184.375
v 153.125 5.267655 184.375
v 156.25 5.127266 184.375
v 159.375 5.426357 184.375
v 162.5 5.963499 184.375
v 165.625 5.57285 184.375
v 168.75 4.962461 184.375
v 171.875 4.773241 184.375
v 175 4.767137 184.375
v 178.125 4.883111 184.375
v 181.25 4.809864 184.375
v 184.375 4.040774 184.375
v 187.5 2.160776 184.375
v 190.625 0 184.375
v 193.75 0 184.375
v 196.875 0 184.375
v 200 0 184.375
v 0 0 187.5
v 3.125 0 187.5
v 6.25 3.589086 187.5
v 9.375 9.229079 187.5
v 12.5 9.229079 187.5
v 15.625 5.639993 187.5
v 18.75 0 187.5
v 21.875 0 187.5
v 25 0 187.5
v 28.125 0 187.5
v 31.25 5.639993 187.5
v 34.375 6.152719 187.5
v 37.5 6.152719 187.5
v 40.625 0.5127266 187.5
v 43.75 0 187.5
v 46.875 0 187.5
v 50 0 187.5
v 53.125 0 187.5
v 56.25 0 187.5
v 59.375 3.589086 187.5
v 62.5 7.690899 187.5
v 65.625 7.690899 187.5
v 68.75 4.101813 187.5
v 71.875 2.050906 187.5
v 75 2.563633 187.5
v 78.125 2.563633 187.5
v 81.25 1.794543 187.5
v 84.375 2.734542 187.5
v 87.5 3.918696 187.5
v 90.625 6.360251 187.5
v 93.75 4.468046 187.5
v 96.875 5.328694 187.5
v 100 4.815968 187.5
v 103.125 9.088689 187.5
v 106.25 3.051944 187.5
v 109.375 7.2209 187.5
v 112.5 7.202588 187.5
v 115.625 7.165965 187.5
v 118.75 6.537265 187.5
v 121.875 5.908564 187.5
v 125 5.255448 187.5
v 128.125 4.706098 187.5
v 131.25 4.376488 187.5
v 134.375 4.345968 187.5
v 137.5 4.028566 187.5
v 140.625 3.393762 187.5
v 143.75 2.819996 187.5
v 146.875 2.441555 187.5
v 150 2.240127 187.5
v 153.125 1.983764 187.5
v 156.25 1.770128 187.5
v 159.375 1.745712 187.5
v 162.5 1.788439 187.5
v 165.625 1.599219 187.5
v 168.75 1.330648 187.5
v 171.875 1.165843 187.5
v 175 1.50766 187.5
v 178.125 2.014283 187.5
v 181.25 1.904413 187.5
v 184.375 0.762986 187.5
v 187.5 0 187.5
v 190.625 0 187.5
v 193.75 0 187.5
v 196.875 0 187.5
v 200 0 187.5
v 0 0 190.625
v 3.125 0 190.625
v 6.25 1.53818 190.625
v 9.375 4.101813 190.625
v 12.5 4.101813 190.625
v 15.625 2.563633 190.625
v 18.75 0 190.625
v 21.875 0 190.625
v 25 0 190.625
v 28.125 0 190.625
v 31.25 6.152719 190.625
v 34.375 7.690899 190.625
v 37.5 7.690899 190.625
v 40.625 1.53818 190.625
v 43.75 0 190.625
v 46.875 0 190.625
v 50 0 190.625
v 53.125 0 190.625
v 56.25 0 190.625
v 59.375 3.589086 190.625
v 62.5 7.690899 190.625
v 65.625 7.690899 190.625
v 68.75 4.101813 190.625
v 71.875 2.050906 190.625
v 75 2.563633 190.625
v 78.125 2.563633 190.625
v 81.25 0.8240249 190.625
v 84.375 1.263505 190.625
v 87.5 1.995971 190.625
v 90.625 0 190.625
v 93.75 0.982726 190.625
v 96.875 2.136361 190.625
v 100 3.863761 190.625
v 103.125 0 190.625
v 106.25 3.216749 190.625
v 109.375 3.454801 190.625
v 112.5 3.564671 190.625
v 115.625 3.259476 190.625
v 118.75 3.467009 190.625
v 121.875 3.424281 190.625
v 125 2.374413 190.625
v 128.125 0.9155833 190.625
v 131.25 0.1342855 190.625
v 134.375 0.2441555 190.625
v 137.5 0 190.625
v 140.625 0 190.625
v 143.75 0 190.625
v 146.875 0 190.625
v 150 0 190.625
v 153.125 0 190.625
v 156.25 0 190.625
v 159.375 0 190.625
v 162.5 0 190.625
v 165.625 0 190.625
v 168.75 0 190.625
v 171.875 0 190.625
v 175 0 190.625
v 178.125 0 190.625
v 181.25 0 190.625
v 184.375 0 190.625
v 187.5 0 190.625
v 190.625 0 190.625
v 193.75 0 190.625
v 196.875 0 190.625
v 200 0 190.625
v 0 0 193.75
v 3.125 0 193.75
v 6.25 0 193.75
v 9.375 0 193.75
v 12.5 0 193.75
v 15.625 0 193.75
v 18.75 0 193.75
v 21.875 0 193.75
v 25 0 193.75
v 28.125 0 193.75
v 31.25 6.152719 193.75
v 34.375 7.690899 193.75
v 37.5 7.690899 193.75
v 40.625 1.53818 193.75
v 43.75 0 193.75
v 46.875 0 193.75
v 50 0 193.75
v 53.125 0 193.75
v 56.25 0 193.75
v 59.375 3.589086 193.75
v 62.5 3.589086 193.75
v 65.625 3.589086 193.75
v 68.75 0 193.75
v 71.875 0 193.75
v 75 0 193.75
v 78.125 0 193.75
v 81.25 0 193.75
v 84.375 0 193.75
v 87.5 0 193.75
v 90.625 0 193.75
v 93.75 0 193.75
v 96.875 0 193.75
v 100 0 193.75
v 103.125 0 193.75
v 106.25 0 193.75
v 109.375 0 193.75
v 112.5 0 193.75
v 115.625 0 193.75
v 118.75 0 193.75
v 121.875 0 193.75
v 125 0 193.75
v 128.125 0 193.75
v 131.25 0 193.75
v 134.375 0 193.75
v 137.5 0 193.75
v 140.625 0 193.75
v 143.75 0 193.75
v 146.875 0 193.75
v 150 0 193.75
v 153.125 0 193.75
v 156.25 0 193.75
v 159.375 0 193.75
v 162.5 0 193.75
v 165.625 0 193.75
v 168.75 0 193.75
v 171.875 0 193.75
v 175 0 193.75
v 178.125 0 193.75
v 181.25 0 193.75
v 184.375 0 193.75
v 187.5 0 193.75
v 190.625 0 193.75
v 193.75 0 193.75
v 196.875 0 193.75
v 200 0 193.75
v 0 0 196.875
v 3.125 0 196.875
v 6.25 0 196.875
v 9.375 0 196.875
v 12.5 0 196.875
v 15.625 0 196.875
v 18.75 0 196.875
v 21.875 0 196.875
v 25 0 196.875
v 28.125 0 196.875
v 31.25 0.5127266 196.875
v 34.375 1.53818 196.875
v 37.5 1.53818 196.875
v 40.625 1.025453 196.875
v 43.75 0 196.875
v 46.875 0 196.875
v 50 0 196.875
v 53.125 0 196.875
v 56.25 0 196.875
v 59.375 0 196.875
v 62.5 0 196.875
v 65.625 0 196.875
v 68.75 0 196.875
v 71.875 0 196.875
v 75 0 196.875
v 78.125 0 196.875
v 81.25 0 196.875
v 84.375 0 196.875
v 87.5 0 196.875
v 90.625 0 196.875
v 93.75 0 196.875
v 96.875 0 196.875
v 100 0 196.875
v 103.125 0 196.875
v 106.25 0 196.875
v 109.375 0 196.875
v 112.5 0 196.875
v 115.625 0 196.875
v 118.75 0 196.875
v 121.875 0 196.875
v 125 0 196.875
v 128.125 0 196.875
v 131.25 0 196.875
v 134.375 0 196.875
v 137.5 0 196.875
v 140.625 0 196.875
v 143.75 0 196.875
v 146.875 0 196.875
v 150 0 196.875
v 153.125 0 196.875
v 156.25 0 196.875
v 159.375 0 196.875
v 162.5 0 196.875
v 165.625 0 196.875
v 168.75 0 196.875
v 171.875 0 196.875
v 175 0 196.875
v 178.125 0 196.875
v 181.25 0 196.875
v 184.375 0 196.875
v 187.5 0 196.875
v 190.625 0 196.875
v 193.75 0 196.875
v 196.875 0 196.875
v 200 0 196.875
v 0 0 200
v 3.125 0 200
v 6.25 0 200
v 9.375 0 200
v 12.5 0 200
v 15.625 0 200
v 18.75 0 200
v 21.875 0 200
v 25 0 200
v 28.125 0 200
v 31.25 0 200
v 34.375 0 200
v 37.5 0 200
v 40.625 0 200
v 43.75 0 200
v 46.875 0 200
v 50 0 200
v 53.125 0 200
v 56.25 0 200
v 59.375 0 200
v 62.5 0 200
v 65.625 0 200
v 68.75 0 200
v 71.875 0 200
v 75 0 200
v 78.125 0 200
v 81.25 0 200
v 84.375 0 200
v 87.5 0 200
v 90.625 0 200
v 93.75 0 200
v 96.875 0 200
v 100 0 200
v 103.125 0 200
v 106.25 0 200
v 109.375 0 200
v 112.5 0 200
v 115.625 0 200
v 118.75 0 200
v 121.875 0 200
v 125 0 200
v 128.125 0 200
v 131.25 0 200
v 134.375 0 200
v 137.5 0 200
v 140.625 0 200
v 143.75 0 200
v 146.875 0 200
v 150 0 200
v 153.125 0 200
v 156.25 0 200
v 159.375 0 200
v 162.5 0 200
v 165.625 0 200
v 168.75 0 200
v 171.875 0 200
v 175 0 200
v 178.125 0 200
v 181.25 0 200
v 184.375 0 200
v 187.5 0 200
v 190.625 0 200
v 193.75 0 200
v 196.875 0 200
v 200 0 200
